
1, , 1.031117, 353086972615500758120848782351332577256197692738037088256.000000, -92559631349317830736831783200707727132248687965119994463780864.000000, -92559631349317830736831783200707727132248687965119994463780864.000000, -92559631349317830736831783200707727132248687965119994463780864.000000, -92559631349317830736831783200707727132248687965119994463780864.000000, -92559631349317830736831783200707727132248687965119994463780864.000000, -92559631349317830736831783200707727132248687965119994463780864.000000, -92559631349317830736831783200707727132248687965119994463780864.000000, -92559631349317830736831783200707727132248687965119994463780864.000000, -92559631349317830736831783200707727132248687965119994463780864.000000, -92559631349317830736831783200707727132248687965119994463780864.000000, -92559631349317830736831783200707727132248687965119994463780864.000000, -92559631349317830736831783200707727132248687965119994463780864.000000, -92559631349317830736831783200707727132248687965119994463780864.000000, -92559631349317830736831783200707727132248687965119994463780864.000000, -92559631349317830736831783200707727132248687965119994463780864.000000, -92559631349317830736831783200707727132248687965119994463780864.000000, -92559631349317830736831783200707727132248687965119994463780864.000000, -92559631349317830736831783200707727132248687965119994463780864.000000, -92559631349317830736831783200707727132248687965119994463780864.000000, -92559631349317830736831783200707727132248687965119994463780864.000000, -92559631349317830736831783200707727132248687965119994463780864.000000, -92559631349317830736831783200707727132248687965119994463780864.000000, -92559631349317830736831783200707727132248687965119994463780864.000000, -92559631349317830736831783200707727132248687965119994463780864.000000, -92559631349317830736831783200707727132248687965119994463780864.000000, -92559631349317830736831783200707727132248687965119994463780864.000000, -92559631349317830736831783200707727132248687965119994463780864.000000, -92559631349317830736831783200707727132248687965119994463780864.000000, -92559631349317830736831783200707727132248687965119994463780864.000000, -92559631349317830736831783200707727132248687965119994463780864.000000, -92559631349317830736831783200707727132248687965119994463780864.000000, -92559631349317830736831783200707727132248687965119994463780864.000000, -92559631349317830736831783200707727132248687965119994463780864.000000, -92559631349317830736831783200707727132248687965119994463780864.000000, -92559631349317830736831783200707727132248687965119994463780864.000000, -92559631349317830736831783200707727132248687965119994463780864.000000, -92559631349317830736831783200707727132248687965119994463780864.000000, -92559631349317830736831783200707727132248687965119994463780864.000000, -92559631349317830736831783200707727132248687965119994463780864.000000, -92559631349317830736831783200707727132248687965119994463780864.000000, -92559631349317830736831783200707727132248687965119994463780864.000000, -92559631349317830736831783200707727132248687965119994463780864.000000, -92559631349317830736831783200707727132248687965119994463780864.000000, -92559631349317830736831783200707727132248687965119994463780864.000000, -92559631349317830736831783200707727132248687965119994463780864.000000, -92559631349317830736831783200707727132248687965119994463780864.000000, -92559631349317830736831783200707727132248687965119994463780864.000000, -92559631349317830736831783200707727132248687965119994463780864.000000, -92559631349317830736831783200707727132248687965119994463780864.000000, -92559631349317830736831783200707727132248687965119994463780864.000000, -92559631349317830736831783200707727132248687965119994463780864.000000, -92559631349317830736831783200707727132248687965119994463780864.000000, -92559631349317830736831783200707727132248687965119994463780864.000000, -92559631349317830736831783200707727132248687965119994463780864.000000, -92559631349317830736831783200707727132248687965119994463780864.000000, -92559631349317830736831783200707727132248687965119994463780864.000000, -92559631349317830736831783200707727132248687965119994463780864.000000, -92559631349317830736831783200707727132248687965119994463780864.000000, -92559631349317830736831783200707727132248687965119994463780864.000000, -92559631349317830736831783200707727132248687965119994463780864.000000, -92559631349317830736831783200707727132248687965119994463780864.000000, -92559631349317830736831783200707727132248687965119994463780864.000000, -92559631349317830736831783200707727132248687965119994463780864.000000, -92559631349317830736831783200707727132248687965119994463780864.000000, -92559631349317830736831783200707727132248687965119994463780864.000000, -92559631349317830736831783200707727132248687965119994463780864.000000, -92559631349317830736831783200707727132248687965119994463780864.000000, -92559631349317830736831783200707727132248687965119994463780864.000000, -92559631349317830736831783200707727132248687965119994463780864.000000, -92559631349317830736831783200707727132248687965119994463780864.000000, -92559631349317830736831783200707727132248687965119994463780864.000000, -92559631349317830736831783200707727132248687965119994463780864.000000, -92559631349317830736831783200707727132248687965119994463780864.000000, -92559631349317830736831783200707727132248687965119994463780864.000000, -92559631349317830736831783200707727132248687965119994463780864.000000, -92559631349317830736831783200707727132248687965119994463780864.000000, -92559631349317830736831783200707727132248687965119994463780864.000000, -92559631349317830736831783200707727132248687965119994463780864.000000, -92559631349317830736831783200707727132248687965119994463780864.000000, -92559631349317830736831783200707727132248687965119994463780864.000000, -92559631349317830736831783200707727132248687965119994463780864.000000, -92559631349317830736831783200707727132248687965119994463780864.000000, -92559631349317830736831783200707727132248687965119994463780864.000000, -92559631349317830736831783200707727132248687965119994463780864.000000, -92559631349317830736831783200707727132248687965119994463780864.000000, -92559631349317830736831783200707727132248687965119994463780864.000000, -92559631349317830736831783200707727132248687965119994463780864.000000, -92559631349317830736831783200707727132248687965119994463780864.000000, -92559631349317830736831783200707727132248687965119994463780864.000000, -92559631349317830736831783200707727132248687965119994463780864.000000, -92559631349317830736831783200707727132248687965119994463780864.000000, -92559631349317830736831783200707727132248687965119994463780864.000000, -92559631349317830736831783200707727132248687965119994463780864.000000, -92559631349317830736831783200707727132248687965119994463780864.000000, -92559631349317830736831783200707727132248687965119994463780864.000000, -92559631349317830736831783200707727132248687965119994463780864.000000, -92559631349317830736831783200707727132248687965119994463780864.000000, -92559631349317830736831783200707727132248687965119994463780864.000000, -92559631349317830736831783200707727132248687965119994463780864.000000, -92559631349317830736831783200707727132248687965119994463780864.000000, -92559631349317830736831783200707727132248687965119994463780864.000000, -92559631349317830736831783200707727132248687965119994463780864.000000, -92559631349317830736831783200707727132248687965119994463780864.000000, -92559631349317830736831783200707727132248687965119994463780864.000000, -92559631349317830736831783200707727132248687965119994463780864.000000, -92559631349317830736831783200707727132248687965119994463780864.000000, -92559631349317830736831783200707727132248687965119994463780864.000000, -92559631349317830736831783200707727132248687965119994463780864.000000, -92559631349317830736831783200707727132248687965119994463780864.000000, -92559631349317830736831783200707727132248687965119994463780864.000000, -92559631349317830736831783200707727132248687965119994463780864.000000, -92559631349317830736831783200707727132248687965119994463780864.000000, -92559631349317830736831783200707727132248687965119994463780864.000000, -92559631349317830736831783200707727132248687965119994463780864.000000, -92559631349317830736831783200707727132248687965119994463780864.000000, -92559631349317830736831783200707727132248687965119994463780864.000000, -92559631349317830736831783200707727132248687965119994463780864.000000, -92559631349317830736831783200707727132248687965119994463780864.000000, -92559631349317830736831783200707727132248687965119994463780864.000000, -92559631349317830736831783200707727132248687965119994463780864.000000, -92559631349317830736831783200707727132248687965119994463780864.000000, -92559631349317830736831783200707727132248687965119994463780864.000000, -92559631349317830736831783200707727132248687965119994463780864.000000, -92559631349317830736831783200707727132248687965119994463780864.000000, -92559631349317830736831783200707727132248687965119994463780864.000000, -92559631349317830736831783200707727132248687965119994463780864.000000, -92559631349317830736831783200707727132248687965119994463780864.000000, -92559631349317830736831783200707727132248687965119994463780864.000000, -92559631349317830736831783200707727132248687965119994463780864.000000, -92559631349317830736831783200707727132248687965119994463780864.000000, -92559631349317830736831783200707727132248687965119994463780864.000000, -92559631349317830736831783200707727132248687965119994463780864.000000, -92559631349317830736831783200707727132248687965119994463780864.000000, -92559631349317830736831783200707727132248687965119994463780864.000000, -92559631349317830736831783200707727132248687965119994463780864.000000, -92559631349317830736831783200707727132248687965119994463780864.000000, -92559631349317830736831783200707727132248687965119994463780864.000000, -92559631349317830736831783200707727132248687965119994463780864.000000, -92559631349317830736831783200707727132248687965119994463780864.000000, -92559631349317830736831783200707727132248687965119994463780864.000000, -92559631349317830736831783200707727132248687965119994463780864.000000, -92559631349317830736831783200707727132248687965119994463780864.000000, -92559631349317830736831783200707727132248687965119994463780864.000000, -92559631349317830736831783200707727132248687965119994463780864.000000, -92559631349317830736831783200707727132248687965119994463780864.000000, -92559631349317830736831783200707727132248687965119994463780864.000000, -92559631349317830736831783200707727132248687965119994463780864.000000, -92559631349317830736831783200707727132248687965119994463780864.000000, -92559631349317830736831783200707727132248687965119994463780864.000000, -92559631349317830736831783200707727132248687965119994463780864.000000, -92559631349317830736831783200707727132248687965119994463780864.000000, -92559631349317830736831783200707727132248687965119994463780864.000000, -92559631349317830736831783200707727132248687965119994463780864.000000, -92559631349317830736831783200707727132248687965119994463780864.000000, -92559631349317830736831783200707727132248687965119994463780864.000000, -92559631349317830736831783200707727132248687965119994463780864.000000, -92559631349317830736831783200707727132248687965119994463780864.000000, -92559631349317830736831783200707727132248687965119994463780864.000000, -92559631349317830736831783200707727132248687965119994463780864.000000, -92559631349317830736831783200707727132248687965119994463780864.000000, -92559631349317830736831783200707727132248687965119994463780864.000000, -92559631349317830736831783200707727132248687965119994463780864.000000, -92559631349317830736831783200707727132248687965119994463780864.000000, -92559631349317830736831783200707727132248687965119994463780864.000000, -92559631349317830736831783200707727132248687965119994463780864.000000, -92559631349317830736831783200707727132248687965119994463780864.000000, -92559631349317830736831783200707727132248687965119994463780864.000000, -92559631349317830736831783200707727132248687965119994463780864.000000, -92559631349317830736831783200707727132248687965119994463780864.000000, -92559631349317830736831783200707727132248687965119994463780864.000000, -92559631349317830736831783200707727132248687965119994463780864.000000, -92559631349317830736831783200707727132248687965119994463780864.000000, -92559631349317830736831783200707727132248687965119994463780864.000000, -92559631349317830736831783200707727132248687965119994463780864.000000, -92559631349317830736831783200707727132248687965119994463780864.000000, -92559631349317830736831783200707727132248687965119994463780864.000000, -92559631349317830736831783200707727132248687965119994463780864.000000, -92559631349317830736831783200707727132248687965119994463780864.000000, -92559631349317830736831783200707727132248687965119994463780864.000000, -92559631349317830736831783200707727132248687965119994463780864.000000, -92559631349317830736831783200707727132248687965119994463780864.000000, -92559631349317830736831783200707727132248687965119994463780864.000000, -92559631349317830736831783200707727132248687965119994463780864.000000, -92559631349317830736831783200707727132248687965119994463780864.000000, -92559631349317830736831783200707727132248687965119994463780864.000000, -92559631349317830736831783200707727132248687965119994463780864.000000, -92559631349317830736831783200707727132248687965119994463780864.000000, -92559631349317830736831783200707727132248687965119994463780864.000000, -92559631349317830736831783200707727132248687965119994463780864.000000, -92559631349317830736831783200707727132248687965119994463780864.000000, -92559631349317830736831783200707727132248687965119994463780864.000000, -92559631349317830736831783200707727132248687965119994463780864.000000, -92559631349317830736831783200707727132248687965119994463780864.000000, -92559631349317830736831783200707727132248687965119994463780864.000000, -92559631349317830736831783200707727132248687965119994463780864.000000, -92559631349317830736831783200707727132248687965119994463780864.000000, -92559631349317830736831783200707727132248687965119994463780864.000000, -92559631349317830736831783200707727132248687965119994463780864.000000, -92559631349317830736831783200707727132248687965119994463780864.000000, -92559631349317830736831783200707727132248687965119994463780864.000000, -92559631349317830736831783200707727132248687965119994463780864.000000, -92559631349317830736831783200707727132248687965119994463780864.000000, -92559631349317830736831783200707727132248687965119994463780864.000000, -92559631349317830736831783200707727132248687965119994463780864.000000, -92559631349317830736831783200707727132248687965119994463780864.000000, -92559631349317830736831783200707727132248687965119994463780864.000000, -92559631349317830736831783200707727132248687965119994463780864.000000, -92559631349317830736831783200707727132248687965119994463780864.000000, -92559631349317830736831783200707727132248687965119994463780864.000000, -92559631349317830736831783200707727132248687965119994463780864.000000, -92559631349317830736831783200707727132248687965119994463780864.000000, -92559631349317830736831783200707727132248687965119994463780864.000000, -92559631349317830736831783200707727132248687965119994463780864.000000, -92559631349317830736831783200707727132248687965119994463780864.000000, -92559631349317830736831783200707727132248687965119994463780864.000000, -92559631349317830736831783200707727132248687965119994463780864.000000, -92559631349317830736831783200707727132248687965119994463780864.000000, -92559631349317830736831783200707727132248687965119994463780864.000000, -92559631349317830736831783200707727132248687965119994463780864.000000, -92559631349317830736831783200707727132248687965119994463780864.000000, -92559631349317830736831783200707727132248687965119994463780864.000000, -92559631349317830736831783200707727132248687965119994463780864.000000, -92559631349317830736831783200707727132248687965119994463780864.000000, -92559631349317830736831783200707727132248687965119994463780864.000000, -92559631349317830736831783200707727132248687965119994463780864.000000, -92559631349317830736831783200707727132248687965119994463780864.000000, -92559631349317830736831783200707727132248687965119994463780864.000000, -92559631349317830736831783200707727132248687965119994463780864.000000, -92559631349317830736831783200707727132248687965119994463780864.000000, -92559631349317830736831783200707727132248687965119994463780864.000000, -92559631349317830736831783200707727132248687965119994463780864.000000, -92559631349317830736831783200707727132248687965119994463780864.000000, -92559631349317830736831783200707727132248687965119994463780864.000000, -92559631349317830736831783200707727132248687965119994463780864.000000, -92559631349317830736831783200707727132248687965119994463780864.000000, -92559631349317830736831783200707727132248687965119994463780864.000000, -92559631349317830736831783200707727132248687965119994463780864.000000, -92559631349317830736831783200707727132248687965119994463780864.000000, -92559631349317830736831783200707727132248687965119994463780864.000000, -92559631349317830736831783200707727132248687965119994463780864.000000, -92559631349317830736831783200707727132248687965119994463780864.000000, -92559631349317830736831783200707727132248687965119994463780864.000000, -92559631349317830736831783200707727132248687965119994463780864.000000, -92559631349317830736831783200707727132248687965119994463780864.000000, -92559631349317830736831783200707727132248687965119994463780864.000000, -92559631349317830736831783200707727132248687965119994463780864.000000, -92559631349317830736831783200707727132248687965119994463780864.000000, -92559631349317830736831783200707727132248687965119994463780864.000000, -92559631349317830736831783200707727132248687965119994463780864.000000, -92559631349317830736831783200707727132248687965119994463780864.000000, -92559631349317830736831783200707727132248687965119994463780864.000000, -92559631349317830736831783200707727132248687965119994463780864.000000, -92559631349317830736831783200707727132248687965119994463780864.000000, -92559631349317830736831783200707727132248687965119994463780864.000000, -92559631349317830736831783200707727132248687965119994463780864.000000, -92559631349317830736831783200707727132248687965119994463780864.000000, -92559631349317830736831783200707727132248687965119994463780864.000000, -92559631349317830736831783200707727132248687965119994463780864.000000, -92559631349317830736831783200707727132248687965119994463780864.000000, -92559631349317830736831783200707727132248687965119994463780864.000000, -92559631349317830736831783200707727132248687965119994463780864.000000, -92559631349317830736831783200707727132248687965119994463780864.000000, -92559631349317830736831783200707727132248687965119994463780864.000000, -92559631349317830736831783200707727132248687965119994463780864.000000, -92559631349317830736831783200707727132248687965119994463780864.000000, -92559631349317830736831783200707727132248687965119994463780864.000000, -92559631349317830736831783200707727132248687965119994463780864.000000, -92559631349317830736831783200707727132248687965119994463780864.000000, -92559631349317830736831783200707727132248687965119994463780864.000000, -92559631349317830736831783200707727132248687965119994463780864.000000, -92559631349317830736831783200707727132248687965119994463780864.000000, -92559631349317830736831783200707727132248687965119994463780864.000000, -92559631349317830736831783200707727132248687965119994463780864.000000, -92559631349317830736831783200707727132248687965119994463780864.000000, -92559631349317830736831783200707727132248687965119994463780864.000000, -92559631349317830736831783200707727132248687965119994463780864.000000, -92559631349317830736831783200707727132248687965119994463780864.000000, -92559631349317830736831783200707727132248687965119994463780864.000000, -92559631349317830736831783200707727132248687965119994463780864.000000, -92559631349317830736831783200707727132248687965119994463780864.000000, -92559631349317830736831783200707727132248687965119994463780864.000000, -92559631349317830736831783200707727132248687965119994463780864.000000, -92559631349317830736831783200707727132248687965119994463780864.000000, -92559631349317830736831783200707727132248687965119994463780864.000000, -92559631349317830736831783200707727132248687965119994463780864.000000, -92559631349317830736831783200707727132248687965119994463780864.000000, -92559631349317830736831783200707727132248687965119994463780864.000000, -92559631349317830736831783200707727132248687965119994463780864.000000, -92559631349317830736831783200707727132248687965119994463780864.000000, -92559631349317830736831783200707727132248687965119994463780864.000000, -92559631349317830736831783200707727132248687965119994463780864.000000, -92559631349317830736831783200707727132248687965119994463780864.000000, -92559631349317830736831783200707727132248687965119994463780864.000000, -92559631349317830736831783200707727132248687965119994463780864.000000, -92559631349317830736831783200707727132248687965119994463780864.000000, -92559631349317830736831783200707727132248687965119994463780864.000000, -92559631349317830736831783200707727132248687965119994463780864.000000, -92559631349317830736831783200707727132248687965119994463780864.000000, -92559631349317830736831783200707727132248687965119994463780864.000000, -92559631349317830736831783200707727132248687965119994463780864.000000, -92559631349317830736831783200707727132248687965119994463780864.000000, -92559631349317830736831783200707727132248687965119994463780864.000000, -92559631349317830736831783200707727132248687965119994463780864.000000, -92559631349317830736831783200707727132248687965119994463780864.000000, -92559631349317830736831783200707727132248687965119994463780864.000000, -92559631349317830736831783200707727132248687965119994463780864.000000, -92559631349317830736831783200707727132248687965119994463780864.000000, -92559631349317830736831783200707727132248687965119994463780864.000000, -92559631349317830736831783200707727132248687965119994463780864.000000, -92559631349317830736831783200707727132248687965119994463780864.000000, -92559631349317830736831783200707727132248687965119994463780864.000000, -92559631349317830736831783200707727132248687965119994463780864.000000, -92559631349317830736831783200707727132248687965119994463780864.000000, -92559631349317830736831783200707727132248687965119994463780864.000000, -92559631349317830736831783200707727132248687965119994463780864.000000, -92559631349317830736831783200707727132248687965119994463780864.000000, -92559631349317830736831783200707727132248687965119994463780864.000000, -92559631349317830736831783200707727132248687965119994463780864.000000, -92559631349317830736831783200707727132248687965119994463780864.000000, -92559631349317830736831783200707727132248687965119994463780864.000000, -92559631349317830736831783200707727132248687965119994463780864.000000, -92559631349317830736831783200707727132248687965119994463780864.000000, -92559631349317830736831783200707727132248687965119994463780864.000000, -92559631349317830736831783200707727132248687965119994463780864.000000, -92559631349317830736831783200707727132248687965119994463780864.000000, -92559631349317830736831783200707727132248687965119994463780864.000000, -92559631349317830736831783200707727132248687965119994463780864.000000, -92559631349317830736831783200707727132248687965119994463780864.000000, -92559631349317830736831783200707727132248687965119994463780864.000000, -92559631349317830736831783200707727132248687965119994463780864.000000, -92559631349317830736831783200707727132248687965119994463780864.000000, -92559631349317830736831783200707727132248687965119994463780864.000000, -92559631349317830736831783200707727132248687965119994463780864.000000, -92559631349317830736831783200707727132248687965119994463780864.000000, -92559631349317830736831783200707727132248687965119994463780864.000000, -92559631349317830736831783200707727132248687965119994463780864.000000, -92559631349317830736831783200707727132248687965119994463780864.000000, -92559631349317830736831783200707727132248687965119994463780864.000000, -92559631349317830736831783200707727132248687965119994463780864.000000, -92559631349317830736831783200707727132248687965119994463780864.000000, -92559631349317830736831783200707727132248687965119994463780864.000000, -92559631349317830736831783200707727132248687965119994463780864.000000, -92559631349317830736831783200707727132248687965119994463780864.000000, -92559631349317830736831783200707727132248687965119994463780864.000000, -92559631349317830736831783200707727132248687965119994463780864.000000, -92559631349317830736831783200707727132248687965119994463780864.000000, -92559631349317830736831783200707727132248687965119994463780864.000000, -92559631349317830736831783200707727132248687965119994463780864.000000, -92559631349317830736831783200707727132248687965119994463780864.000000, -92559631349317830736831783200707727132248687965119994463780864.000000, -92559631349317830736831783200707727132248687965119994463780864.000000, -92559631349317830736831783200707727132248687965119994463780864.000000, -92559631349317830736831783200707727132248687965119994463780864.000000, -92559631349317830736831783200707727132248687965119994463780864.000000, -92559631349317830736831783200707727132248687965119994463780864.000000, -92559631349317830736831783200707727132248687965119994463780864.000000, -92559631349317830736831783200707727132248687965119994463780864.000000, -92559631349317830736831783200707727132248687965119994463780864.000000, -92559631349317830736831783200707727132248687965119994463780864.000000, -92559631349317830736831783200707727132248687965119994463780864.000000, -92559631349317830736831783200707727132248687965119994463780864.000000, -92559631349317830736831783200707727132248687965119994463780864.000000, -92559631349317830736831783200707727132248687965119994463780864.000000, -92559631349317830736831783200707727132248687965119994463780864.000000, -92559631349317830736831783200707727132248687965119994463780864.000000, -92559631349317830736831783200707727132248687965119994463780864.000000, -92559631349317830736831783200707727132248687965119994463780864.000000, -92559631349317830736831783200707727132248687965119994463780864.000000, -92559631349317830736831783200707727132248687965119994463780864.000000, -92559631349317830736831783200707727132248687965119994463780864.000000, -92559631349317830736831783200707727132248687965119994463780864.000000, -92559631349317830736831783200707727132248687965119994463780864.000000, -92559631349317830736831783200707727132248687965119994463780864.000000, -92559631349317830736831783200707727132248687965119994463780864.000000, -92559631349317830736831783200707727132248687965119994463780864.000000, -92559631349317830736831783200707727132248687965119994463780864.000000, -92559631349317830736831783200707727132248687965119994463780864.000000, -92559631349317830736831783200707727132248687965119994463780864.000000, -92559631349317830736831783200707727132248687965119994463780864.000000, -92559631349317830736831783200707727132248687965119994463780864.000000, -92559631349317830736831783200707727132248687965119994463780864.000000, -92559631349317830736831783200707727132248687965119994463780864.000000, -92559631349317830736831783200707727132248687965119994463780864.000000, -92559631349317830736831783200707727132248687965119994463780864.000000, -92559631349317830736831783200707727132248687965119994463780864.000000, -92559631349317830736831783200707727132248687965119994463780864.000000, -92559631349317830736831783200707727132248687965119994463780864.000000, -92559631349317830736831783200707727132248687965119994463780864.000000, -92559631349317830736831783200707727132248687965119994463780864.000000, -92559631349317830736831783200707727132248687965119994463780864.000000, -92559631349317830736831783200707727132248687965119994463780864.000000, -92559631349317830736831783200707727132248687965119994463780864.000000, -92559631349317830736831783200707727132248687965119994463780864.000000, -92559631349317830736831783200707727132248687965119994463780864.000000, -92559631349317830736831783200707727132248687965119994463780864.000000, -92559631349317830736831783200707727132248687965119994463780864.000000, -92559631349317830736831783200707727132248687965119994463780864.000000, -92559631349317830736831783200707727132248687965119994463780864.000000, -92559631349317830736831783200707727132248687965119994463780864.000000, -92559631349317830736831783200707727132248687965119994463780864.000000, -92559631349317830736831783200707727132248687965119994463780864.000000, -92559631349317830736831783200707727132248687965119994463780864.000000, -92559631349317830736831783200707727132248687965119994463780864.000000, -92559631349317830736831783200707727132248687965119994463780864.000000, -92559631349317830736831783200707727132248687965119994463780864.000000, -92559631349317830736831783200707727132248687965119994463780864.000000, -92559631349317830736831783200707727132248687965119994463780864.000000, -92559631349317830736831783200707727132248687965119994463780864.000000, -92559631349317830736831783200707727132248687965119994463780864.000000, -92559631349317830736831783200707727132248687965119994463780864.000000, -92559631349317830736831783200707727132248687965119994463780864.000000, -92559631349317830736831783200707727132248687965119994463780864.000000, -92559631349317830736831783200707727132248687965119994463780864.000000, -92559631349317830736831783200707727132248687965119994463780864.000000, -92559631349317830736831783200707727132248687965119994463780864.000000, -92559631349317830736831783200707727132248687965119994463780864.000000, -92559631349317830736831783200707727132248687965119994463780864.000000, -92559631349317830736831783200707727132248687965119994463780864.000000, -92559631349317830736831783200707727132248687965119994463780864.000000, -92559631349317830736831783200707727132248687965119994463780864.000000, -92559631349317830736831783200707727132248687965119994463780864.000000, -92559631349317830736831783200707727132248687965119994463780864.000000, -92559631349317830736831783200707727132248687965119994463780864.000000, -92559631349317830736831783200707727132248687965119994463780864.000000, -92559631349317830736831783200707727132248687965119994463780864.000000, -92559631349317830736831783200707727132248687965119994463780864.000000, -92559631349317830736831783200707727132248687965119994463780864.000000, -92559631349317830736831783200707727132248687965119994463780864.000000, -92559631349317830736831783200707727132248687965119994463780864.000000, -92559631349317830736831783200707727132248687965119994463780864.000000, -92559631349317830736831783200707727132248687965119994463780864.000000, -92559631349317830736831783200707727132248687965119994463780864.000000, -92559631349317830736831783200707727132248687965119994463780864.000000, -92559631349317830736831783200707727132248687965119994463780864.000000, -92559631349317830736831783200707727132248687965119994463780864.000000, -92559631349317830736831783200707727132248687965119994463780864.000000, -92559631349317830736831783200707727132248687965119994463780864.000000, -92559631349317830736831783200707727132248687965119994463780864.000000, -92559631349317830736831783200707727132248687965119994463780864.000000, -92559631349317830736831783200707727132248687965119994463780864.000000, -92559631349317830736831783200707727132248687965119994463780864.000000, -92559631349317830736831783200707727132248687965119994463780864.000000, -92559631349317830736831783200707727132248687965119994463780864.000000, -92559631349317830736831783200707727132248687965119994463780864.000000, -92559631349317830736831783200707727132248687965119994463780864.000000, -92559631349317830736831783200707727132248687965119994463780864.000000, -92559631349317830736831783200707727132248687965119994463780864.000000, -92559631349317830736831783200707727132248687965119994463780864.000000, -92559631349317830736831783200707727132248687965119994463780864.000000, -92559631349317830736831783200707727132248687965119994463780864.000000, -92559631349317830736831783200707727132248687965119994463780864.000000, -92559631349317830736831783200707727132248687965119994463780864.000000, -92559631349317830736831783200707727132248687965119994463780864.000000, -92559631349317830736831783200707727132248687965119994463780864.000000, -92559631349317830736831783200707727132248687965119994463780864.000000, -92559631349317830736831783200707727132248687965119994463780864.000000, -92559631349317830736831783200707727132248687965119994463780864.000000, -92559631349317830736831783200707727132248687965119994463780864.000000, -92559631349317830736831783200707727132248687965119994463780864.000000, -92559631349317830736831783200707727132248687965119994463780864.000000, -92559631349317830736831783200707727132248687965119994463780864.000000, -92559631349317830736831783200707727132248687965119994463780864.000000, -92559631349317830736831783200707727132248687965119994463780864.000000, -92559631349317830736831783200707727132248687965119994463780864.000000, -92559631349317830736831783200707727132248687965119994463780864.000000, -92559631349317830736831783200707727132248687965119994463780864.000000, -92559631349317830736831783200707727132248687965119994463780864.000000, -92559631349317830736831783200707727132248687965119994463780864.000000, -92559631349317830736831783200707727132248687965119994463780864.000000, -92559631349317830736831783200707727132248687965119994463780864.000000, -92559631349317830736831783200707727132248687965119994463780864.000000, -92559631349317830736831783200707727132248687965119994463780864.000000, -92559631349317830736831783200707727132248687965119994463780864.000000, -92559631349317830736831783200707727132248687965119994463780864.000000, -92559631349317830736831783200707727132248687965119994463780864.000000, -92559631349317830736831783200707727132248687965119994463780864.000000, -92559631349317830736831783200707727132248687965119994463780864.000000, -92559631349317830736831783200707727132248687965119994463780864.000000, -92559631349317830736831783200707727132248687965119994463780864.000000, -92559631349317830736831783200707727132248687965119994463780864.000000, -92559631349317830736831783200707727132248687965119994463780864.000000, -92559631349317830736831783200707727132248687965119994463780864.000000, -92559631349317830736831783200707727132248687965119994463780864.000000, -92559631349317830736831783200707727132248687965119994463780864.000000, -92559631349317830736831783200707727132248687965119994463780864.000000, -92559631349317830736831783200707727132248687965119994463780864.000000, -92559631349317830736831783200707727132248687965119994463780864.000000, -92559631349317830736831783200707727132248687965119994463780864.000000, -92559631349317830736831783200707727132248687965119994463780864.000000, -92559631349317830736831783200707727132248687965119994463780864.000000, -92559631349317830736831783200707727132248687965119994463780864.000000, -92559631349317830736831783200707727132248687965119994463780864.000000, -92559631349317830736831783200707727132248687965119994463780864.000000, -92559631349317830736831783200707727132248687965119994463780864.000000, -92559631349317830736831783200707727132248687965119994463780864.000000, -92559631349317830736831783200707727132248687965119994463780864.000000, -92559631349317830736831783200707727132248687965119994463780864.000000, -92559631349317830736831783200707727132248687965119994463780864.000000, -92559631349317830736831783200707727132248687965119994463780864.000000, -92559631349317830736831783200707727132248687965119994463780864.000000, -92559631349317830736831783200707727132248687965119994463780864.000000, -92559631349317830736831783200707727132248687965119994463780864.000000, -92559631349317830736831783200707727132248687965119994463780864.000000, -92559631349317830736831783200707727132248687965119994463780864.000000, -92559631349317830736831783200707727132248687965119994463780864.000000, -92559631349317830736831783200707727132248687965119994463780864.000000, -92559631349317830736831783200707727132248687965119994463780864.000000, -92559631349317830736831783200707727132248687965119994463780864.000000, -92559631349317830736831783200707727132248687965119994463780864.000000, -92559631349317830736831783200707727132248687965119994463780864.000000, -92559631349317830736831783200707727132248687965119994463780864.000000, -92559631349317830736831783200707727132248687965119994463780864.000000, -92559631349317830736831783200707727132248687965119994463780864.000000, -92559631349317830736831783200707727132248687965119994463780864.000000, -92559631349317830736831783200707727132248687965119994463780864.000000, -92559631349317830736831783200707727132248687965119994463780864.000000, -92559631349317830736831783200707727132248687965119994463780864.000000, -92559631349317830736831783200707727132248687965119994463780864.000000, -92559631349317830736831783200707727132248687965119994463780864.000000, -92559631349317830736831783200707727132248687965119994463780864.000000, -92559631349317830736831783200707727132248687965119994463780864.000000, -92559631349317830736831783200707727132248687965119994463780864.000000, -92559631349317830736831783200707727132248687965119994463780864.000000, -92559631349317830736831783200707727132248687965119994463780864.000000, -92559631349317830736831783200707727132248687965119994463780864.000000, -92559631349317830736831783200707727132248687965119994463780864.000000, -92559631349317830736831783200707727132248687965119994463780864.000000, -92559631349317830736831783200707727132248687965119994463780864.000000, -92559631349317830736831783200707727132248687965119994463780864.000000, -92559631349317830736831783200707727132248687965119994463780864.000000, -92559631349317830736831783200707727132248687965119994463780864.000000, -92559631349317830736831783200707727132248687965119994463780864.000000, -92559631349317830736831783200707727132248687965119994463780864.000000, -92559631349317830736831783200707727132248687965119994463780864.000000, -92559631349317830736831783200707727132248687965119994463780864.000000, -92559631349317830736831783200707727132248687965119994463780864.000000, -92559631349317830736831783200707727132248687965119994463780864.000000, -92559631349317830736831783200707727132248687965119994463780864.000000, -92559631349317830736831783200707727132248687965119994463780864.000000, -92559631349317830736831783200707727132248687965119994463780864.000000, -92559631349317830736831783200707727132248687965119994463780864.000000, -92559631349317830736831783200707727132248687965119994463780864.000000, -92559631349317830736831783200707727132248687965119994463780864.000000, -92559631349317830736831783200707727132248687965119994463780864.000000, -92559631349317830736831783200707727132248687965119994463780864.000000, -92559631349317830736831783200707727132248687965119994463780864.000000, -92559631349317830736831783200707727132248687965119994463780864.000000, -92559631349317830736831783200707727132248687965119994463780864.000000, -92559631349317830736831783200707727132248687965119994463780864.000000, -92559631349317830736831783200707727132248687965119994463780864.000000, -92559631349317830736831783200707727132248687965119994463780864.000000, -92559631349317830736831783200707727132248687965119994463780864.000000, -92559631349317830736831783200707727132248687965119994463780864.000000, -92559631349317830736831783200707727132248687965119994463780864.000000, -92559631349317830736831783200707727132248687965119994463780864.000000, -92559631349317830736831783200707727132248687965119994463780864.000000, -92559631349317830736831783200707727132248687965119994463780864.000000, -92559631349317830736831783200707727132248687965119994463780864.000000, -92559631349317830736831783200707727132248687965119994463780864.000000, -92559631349317830736831783200707727132248687965119994463780864.000000, -92559631349317830736831783200707727132248687965119994463780864.000000, -92559631349317830736831783200707727132248687965119994463780864.000000, -92559631349317830736831783200707727132248687965119994463780864.000000, -92559631349317830736831783200707727132248687965119994463780864.000000, -92559631349317830736831783200707727132248687965119994463780864.000000, -92559631349317830736831783200707727132248687965119994463780864.000000, -92559631349317830736831783200707727132248687965119994463780864.000000, -92559631349317830736831783200707727132248687965119994463780864.000000, -92559631349317830736831783200707727132248687965119994463780864.000000, -92559631349317830736831783200707727132248687965119994463780864.000000, -92559631349317830736831783200707727132248687965119994463780864.000000, -92559631349317830736831783200707727132248687965119994463780864.000000, -92559631349317830736831783200707727132248687965119994463780864.000000, -92559631349317830736831783200707727132248687965119994463780864.000000, -92559631349317830736831783200707727132248687965119994463780864.000000, -92559631349317830736831783200707727132248687965119994463780864.000000, -92559631349317830736831783200707727132248687965119994463780864.000000, -92559631349317830736831783200707727132248687965119994463780864.000000, -92559631349317830736831783200707727132248687965119994463780864.000000, -92559631349317830736831783200707727132248687965119994463780864.000000, -92559631349317830736831783200707727132248687965119994463780864.000000, -92559631349317830736831783200707727132248687965119994463780864.000000, -92559631349317830736831783200707727132248687965119994463780864.000000, -92559631349317830736831783200707727132248687965119994463780864.000000, -92559631349317830736831783200707727132248687965119994463780864.000000, -92559631349317830736831783200707727132248687965119994463780864.000000, -92559631349317830736831783200707727132248687965119994463780864.000000, -92559631349317830736831783200707727132248687965119994463780864.000000, -92559631349317830736831783200707727132248687965119994463780864.000000, -92559631349317830736831783200707727132248687965119994463780864.000000, -92559631349317830736831783200707727132248687965119994463780864.000000, -92559631349317830736831783200707727132248687965119994463780864.000000, -92559631349317830736831783200707727132248687965119994463780864.000000, -92559631349317830736831783200707727132248687965119994463780864.000000, -92559631349317830736831783200707727132248687965119994463780864.000000, -92559631349317830736831783200707727132248687965119994463780864.000000, -92559631349317830736831783200707727132248687965119994463780864.000000, -92559631349317830736831783200707727132248687965119994463780864.000000
1,,-nan(ind),-nan(ind),-nan(ind),-nan(ind),-nan(ind),-nan(ind),-nan(ind),-nan(ind),-nan(ind),-nan(ind),-nan(ind),-nan(ind),-nan(ind),-nan(ind),-nan(ind),-nan(ind),-nan(ind),-nan(ind),-nan(ind),-nan(ind),-nan(ind),-nan(ind),-nan(ind),-nan(ind),-nan(ind),-nan(ind),-nan(ind),-nan(ind),-nan(ind),-nan(ind),-nan(ind),-nan(ind),-nan(ind),-nan(ind),-nan(ind),-nan(ind),-nan(ind),-nan(ind),-nan(ind),-nan(ind),-nan(ind),-nan(ind),-nan(ind),-nan(ind),-nan(ind),-nan(ind),-nan(ind),-nan(ind),-nan(ind),-nan(ind),-nan(ind),-nan(ind),-nan(ind),-nan(ind),-nan(ind),-nan(ind),-nan(ind),-nan(ind),-nan(ind),-nan(ind),-nan(ind),-nan(ind),-nan(ind),-nan(ind),-nan(ind),-nan(ind),-nan(ind),-nan(ind),-nan(ind),-nan(ind),-nan(ind),-nan(ind),-nan(ind),-nan(ind),-nan(ind),-nan(ind),-nan(ind),-nan(ind),-nan(ind),-nan(ind),-nan(ind),-nan(ind),-nan(ind),-nan(ind),-nan(ind),-nan(ind),-nan(ind),-nan(ind),-nan(ind),-nan(ind),-nan(ind),-nan(ind),-nan(ind),-nan(ind),-nan(ind),-nan(ind),-nan(ind),-nan(ind),-nan(ind),-nan(ind),-nan(ind),-nan(ind),-nan(ind),-nan(ind),-nan(ind),-nan(ind),-nan(ind),-nan(ind),-nan(ind),-nan(ind),-nan(ind),-nan(ind),-nan(ind),-nan(ind),-nan(ind),-nan(ind),-nan(ind),-nan(ind),-nan(ind),-nan(ind),-nan(ind),-nan(ind),-nan(ind),-nan(ind),-nan(ind),-nan(ind),-nan(ind),-nan(ind),-nan(ind),-nan(ind),-nan(ind),-nan(ind),-nan(ind),-nan(ind),-nan(ind),-nan(ind),-nan(ind),-nan(ind),-nan(ind),-nan(ind),-nan(ind),-nan(ind),-nan(ind),-nan(ind),-nan(ind),-nan(ind),-nan(ind),-nan(ind),-nan(ind),-nan(ind),-nan(ind),-nan(ind),-nan(ind),-nan(ind),-nan(ind),-nan(ind),-nan(ind),-nan(ind),-nan(ind),-nan(ind),-nan(ind),-nan(ind),-nan(ind),-nan(ind),-nan(ind),-nan(ind),-nan(ind),-nan(ind),-nan(ind),-nan(ind),-nan(ind),-nan(ind),-nan(ind),-nan(ind),-nan(ind),-nan(ind),-nan(ind),-nan(ind),-nan(ind),-nan(ind),-nan(ind),-nan(ind),-nan(ind),-nan(ind),-nan(ind),-nan(ind),-nan(ind),-nan(ind),-nan(ind),-nan(ind),-nan(ind),-nan(ind),-nan(ind),-nan(ind),-nan(ind),-nan(ind),-nan(ind),-nan(ind),-nan(ind),-nan(ind),-nan(ind),-nan(ind),-nan(ind),-nan(ind),-nan(ind),-nan(ind),-nan(ind),-nan(ind),-nan(ind),-nan(ind),-nan(ind),-nan(ind),-nan(ind),-nan(ind),-nan(ind),-nan(ind),-nan(ind),-nan(ind),-nan(ind),-nan(ind),-nan(ind),-nan(ind),-nan(ind),-nan(ind),-nan(ind),-nan(ind),-nan(ind),-nan(ind),-nan(ind),-nan(ind),-nan(ind),-nan(ind),-nan(ind),-nan(ind),-nan(ind),-nan(ind),-nan(ind),-nan(ind),-nan(ind),-nan(ind),-nan(ind),-nan(ind),-nan(ind),-nan(ind),-nan(ind),-nan(ind),-nan(ind),-nan(ind),-nan(ind),-nan(ind),-nan(ind),-nan(ind),-nan(ind),-nan(ind),-nan(ind),-nan(ind),-nan(ind),-nan(ind),-nan(ind),-nan(ind),-nan(ind),-nan(ind),-nan(ind),-nan(ind),-nan(ind),-nan(ind),-nan(ind),-nan(ind),-nan(ind),-nan(ind),-nan(ind),-nan(ind),-nan(ind),-nan(ind),-nan(ind),-nan(ind),-nan(ind),-nan(ind),-nan(ind),-nan(ind),-nan(ind),-nan(ind),-nan(ind),-nan(ind),-nan(ind),-nan(ind),-nan(ind),-nan(ind),-nan(ind),-nan(ind),-nan(ind),-nan(ind),-nan(ind),-nan(ind),-nan(ind),-nan(ind),-nan(ind),-nan(ind),-nan(ind),-nan(ind),-nan(ind),-nan(ind),-nan(ind),-nan(ind),-nan(ind),-nan(ind),-nan(ind),-nan(ind),-nan(ind),-nan(ind),-nan(ind),-nan(ind),-nan(ind),-nan(ind),-nan(ind),-nan(ind),-nan(ind),-nan(ind),-nan(ind),-nan(ind),-nan(ind),-nan(ind),-nan(ind),-nan(ind),-nan(ind),-nan(ind),-nan(ind),-nan(ind),-nan(ind),-nan(ind),-nan(ind),-nan(ind),-nan(ind),-nan(ind),-nan(ind),-nan(ind),-nan(ind),-nan(ind),-nan(ind),-nan(ind),-nan(ind),-nan(ind),-nan(ind),-nan(ind),-nan(ind),-nan(ind),-nan(ind),-nan(ind),-nan(ind),-nan(ind),-nan(ind),-nan(ind),-nan(ind),-nan(ind),-nan(ind),-nan(ind),-nan(ind),-nan(ind),-nan(ind),-nan(ind),-nan(ind),-nan(ind),-nan(ind),-nan(ind),-nan(ind),-nan(ind),-nan(ind),-nan(ind),-nan(ind),-nan(ind),-nan(ind),-nan(ind),-nan(ind),-nan(ind),-nan(ind),-nan(ind),-nan(ind),-nan(ind),-nan(ind),-nan(ind),-nan(ind),-nan(ind),-nan(ind),-nan(ind),-nan(ind),-nan(ind),-nan(ind),-nan(ind),-nan(ind),-nan(ind),-nan(ind),-nan(ind),-nan(ind),-nan(ind),-nan(ind),-nan(ind),-nan(ind),-nan(ind),-nan(ind),-nan(ind),-nan(ind),-nan(ind),-nan(ind),-nan(ind),-nan(ind),-nan(ind),-nan(ind),-nan(ind),-nan(ind),-nan(ind),-nan(ind),-nan(ind),-nan(ind),-nan(ind),-nan(ind),-nan(ind),-nan(ind),-nan(ind),-nan(ind),-nan(ind),-nan(ind),-nan(ind),-nan(ind),-nan(ind),-nan(ind),-nan(ind),-nan(ind),-nan(ind),-nan(ind),-nan(ind),-nan(ind),-nan(ind),-nan(ind),-nan(ind),-nan(ind),-nan(ind),-nan(ind),-nan(ind),-nan(ind),-nan(ind),-nan(ind),-nan(ind),-nan(ind),-nan(ind),-nan(ind),-nan(ind),-nan(ind),-nan(ind),-nan(ind),-nan(ind),-nan(ind),-nan(ind),-nan(ind),-nan(ind),-nan(ind),-nan(ind),-nan(ind),-nan(ind),-nan(ind),-nan(ind),-nan(ind),-nan(ind),-nan(ind),-nan(ind),-nan(ind),-nan(ind),-nan(ind),-nan(ind),-nan(ind),-nan(ind),-nan(ind),-nan(ind),-nan(ind),-nan(ind),-nan(ind),-nan(ind),-nan(ind),-nan(ind),-nan(ind),-nan(ind),-nan(ind),-nan(ind),-nan(ind),-nan(ind),-nan(ind),-nan(ind),-nan(ind),-nan(ind),-nan(ind),-nan(ind),-nan(ind),-nan(ind),-nan(ind),-nan(ind),-nan(ind),-nan(ind),-nan(ind),-nan(ind),-nan(ind),-nan(ind),-nan(ind),-nan(ind),-nan(ind),-nan(ind),-nan(ind),-nan(ind),-nan(ind),-nan(ind),-nan(ind),-nan(ind),-nan(ind),-nan(ind),-nan(ind),-nan(ind),-nan(ind),-nan(ind),-nan(ind),-nan(ind),-nan(ind),-nan(ind),-nan(ind),-nan(ind),-nan(ind),-nan(ind),-nan(ind),-nan(ind),-nan(ind),-nan(ind),-nan(ind),-nan(ind),-nan(ind),-nan(ind),-nan(ind),-nan(ind),-nan(ind),-nan(ind),-nan(ind),-nan(ind),-nan(ind),-nan(ind),-nan(ind),-nan(ind),-nan(ind),-nan(ind),-nan(ind),-nan(ind),-nan(ind),-nan(ind),-nan(ind),-nan(ind),-nan(ind),-nan(ind),-nan(ind),-nan(ind),-nan(ind),-nan(ind),-nan(ind),-nan(ind),-nan(ind),-nan(ind),-nan(ind),-nan(ind),-nan(ind),-nan(ind),-nan(ind),-nan(ind),-nan(ind),-nan(ind),-nan(ind),-nan(ind),-nan(ind),-nan(ind),-nan(ind),-nan(ind),-nan(ind),-nan(ind),-nan(ind),-nan(ind),-nan(ind),-nan(ind),-nan(ind),-nan(ind),-nan(ind),-nan(ind),-nan(ind),-nan(ind),-nan(ind),-nan(ind),-nan(ind),-nan(ind),-nan(ind),-nan(ind),-nan(ind),-nan(ind),-nan(ind),-nan(ind),-nan(ind),-nan(ind),-nan(ind),-nan(ind)
1,, 344992748561730223303829523693129875878318002432605421568.000000
2, , 0.000000, 0.000000, 0.000000, 0.000000, 0.000000, 0.000000, 0.000000, 0.000000, 0.000000, 0.000000, 0.000000, 0.000000, 0.000000, 0.000000, 0.000000, 0.000000, 0.000000, 0.000000, 0.000000, 0.000000, 0.000000, 0.000000, 0.000000, 0.000000, 0.000000, 0.000000, 0.000000, 0.000000, 0.000000, 0.000000, 0.000000, 0.000000, 0.000000, 0.000000, 0.000000, 0.000000, 0.000000, 0.000000, 0.000000, 0.000000, 0.000000, 0.000000, 0.000000, 0.000000, 0.000000, 0.000000, 0.000000, 0.000000, 0.000000, 0.000000, 0.000000, 0.000000, 0.000000, 0.000000, 0.000000, 0.000000, 0.000000, 0.000000, 0.000000, 0.000000, 0.000000, 0.000000, 0.000000, 0.000000, 0.000000, 0.000000, 0.000000, 0.000000, 0.000000, 0.000000, 0.000000, 0.000000, 0.000000, 0.000000, 0.000000, 0.000000, 0.000000, 0.000000, 0.000000, 0.000000, 0.000000, 0.000000, 0.000000, 0.000000, 0.000000, 0.000000, 0.000000, 0.000000, 0.000000, 0.000000, 0.000000, 0.000000, 0.000000, 0.000000, 0.000000, 0.000000, 0.000000, 0.000000, 0.000000, 0.000000, 0.000000, 0.000000, 0.000000, 0.000000, 0.000000, 0.000000, 0.000000, 0.000000, 0.000000, 0.000000, 0.000000, 0.000000, 0.000000, 0.000000, 0.000000, 0.000000, 0.000000, 0.000000, 0.000000, 0.000000, 0.000000, 0.000000, 0.000000, 0.000000, 0.000000, 0.000000, 0.000000, 0.000000, 0.000000, 0.000000, 0.000000, 0.000000, 0.000000, 0.000000, 0.000000, 0.000000, 0.000000, 0.000000, 0.000000, 0.000000, 0.000000, 0.000000, 0.000000, 0.000000, 0.000000, 0.000000, 0.000000, 0.000000, 0.000000, 0.000000, 0.000000, 0.000000, 0.000000, 0.000000, 0.000000, 0.000000, 0.000000, 0.000000, 0.000000, 0.000000, 0.000000, 0.000000, 0.000000, 0.000000, 0.000000, 0.000000, 0.000000, 0.000000, 0.000000, 0.000000, 0.000000, 0.000000, 0.000000, 0.000000, 0.000000, 0.000000, 0.000000, 0.000000, 0.000000, 0.000000, 0.000000, 0.000000, 0.000000, 0.000000, 0.000000, 0.000000, 0.000000, 0.000000, 0.000000, 0.000000, 0.000000, 0.000000, 0.000000, 0.000000, 0.000000, 0.000000, 0.000000, 0.000000, 0.000000, 0.000000, 0.000000, 0.000000, 0.000000, 0.000000, 0.000000, 0.000000, 0.000000, 0.000000, 0.000000, 0.000000, 0.000000, 0.000000, 0.000000, 0.000000, 0.000000, 0.000000, 0.000000, 0.000000, 0.000000, 0.000000, 0.000000, 0.000000, 0.000000, 0.000000, 0.000000, 0.000000, 0.000000, 0.000000, 0.000000, 0.000000, 0.000000, 0.000000, 0.000000, 0.000000, 0.000000, 0.000000, 0.000000, 0.000000, 0.000000, 0.000000, 0.000000, 0.000000, 0.000000, 0.000000, 0.000000, 0.000000, 0.000000, 0.000000, 0.000000, 0.000000, 0.000000, 0.000000, 0.000000, 0.000000, 0.000000, 0.000000, 0.000000, 0.000000, 0.000000, 0.000000, 0.000000, 0.000000, 0.000000, 0.000000, 0.000000, 0.000000, 0.000000, 0.000000, 0.000000, 0.000000, 0.000000, 0.000000, 0.000000, 0.000000, 0.000000, 0.000000, 0.000000, 0.000000, 0.000000, 0.000000, 0.000000, 0.000000, 0.000000, 0.000000, 0.000000, 0.000000, 0.000000, 0.000000, 0.000000, 0.000000, 0.000000, 0.000000, 0.000000, 0.000000, 0.000000, 0.000000, 0.000000, 0.000000, 0.000000, 0.000000, 0.000000, 0.000000, 0.000000, 0.000000, 0.000000, 0.000000, 0.000000, 0.000000, 0.000000, 0.000000, 0.000000, 0.000000, 0.000000, 0.000000, 0.000000, 0.000000, 0.000000, 0.000000, 0.000000, 0.000000, 0.000000, 0.000000, 0.000000, 0.000000, 0.000000, 0.000000, 0.000000, 0.000000, 0.000000, 0.000000, 0.000000, 0.000000, 0.000000, 0.000000, 0.000000, 0.000000, 0.000000, 0.000000, 0.000000, 0.000000, 0.000000, 0.000000, 0.000000, 0.000000, 0.000000, 0.000000, 0.000000, 0.000000, 0.000000, 0.000000, 0.000000, 0.000000, 0.000000, 0.000000, 0.000000, 0.000000, 0.000000, 0.000000, 0.000000, 0.000000, 0.000000, 0.000000, 0.000000, 0.000000, 0.000000, 0.000000, 0.000000, 0.000000, 0.000000, 0.000000, 0.000000, 0.000000, 0.000000, 0.000000, 0.000000, 0.000000, 0.000000, 0.000000, 0.000000, 0.000000, 0.000000, 0.000000, 0.000000, 0.000000, 0.000000, 0.000000, 0.000000, 0.000000, 0.000000, 0.000000, 0.000000, 0.000000, 0.000000, 0.000000, 0.000000, 0.000000, 0.000000, 0.000000, 0.000000, 0.000000, 0.000000, 0.000000, 0.000000, 0.000000, 0.000000, 0.000000, 0.000000, 0.000000, 0.000000, 0.000000, 0.000000, 0.000000, 0.000000, 0.000000, 0.000000, 0.000000, 0.000000, 0.000000, 0.000000, 0.000000, 0.000000, 0.000000, 0.000000, 0.000000, 0.000000, 0.000000, 0.000000, 0.000000, 0.000000, 0.000000, 0.000000, 0.000000, 0.000000, 0.000000, 0.000000, 0.000000, 0.000000, 0.000000, 0.000000, 0.000000, 0.000000, 0.000000, 0.000000, 0.000000, 0.000000, 0.000000, 0.000000, 0.000000, 0.000000, 0.000000, 0.000000, 0.000000, 0.000000, 0.000000, 0.000000, 0.000000, 0.000000, 0.000000, 0.000000, 0.000000, 0.000000, 0.000000, 0.000000, 0.000000, 0.000000, 0.000000, 0.000000, 0.000000, 0.000000, 0.000000, 0.000000, 0.000000, 0.000000, 0.000000, 0.000000, 0.000000, 0.000000, 0.000000, 0.000000, 0.000000, 0.000000, 0.000000, 0.000000, 0.000000, 0.000000, 0.000000, 0.000000, 0.000000, 0.000000, 0.000000, 0.000000, 0.000000, 0.000000, 0.000000, 0.000000, 0.000000, 0.000000, 0.000000, 0.000000, 0.000000, 0.000000, 0.000000, 0.000000, 0.000000, 0.000000, 0.000000, 0.000000, 0.000000, 0.000000, 0.000000, 0.000000, 0.000000, 0.000000, 0.000000, 0.000000, 0.000000, 0.000000, 0.000000, 0.000000, 0.000000, 0.000000, 0.000000, 0.000000, 0.000000, 0.000000, 0.000000, 0.000000, 0.000000, 0.000000, 0.000000, 0.000000, 0.000000, 0.000000, 0.000000, 0.000000, 0.000000, 0.000000, 0.000000, 0.000000, 0.000000, 0.000000, 0.000000, 0.000000, 0.000000, 0.000000, 0.000000, 0.000000, 0.000000, 0.000000, 0.000000, 0.000000, 0.000000, 0.000000, 0.000000, 0.000000, 0.000000, 0.000000, 0.000000, 0.000000, 0.000000, 0.000000, 0.000000, 0.000000, 0.000000, 0.000000, 0.000000, 0.000000, 0.000000, 0.000000, 0.000000, 0.000000, 0.000000, 0.000000, 0.000000, 0.000000, 0.000000, 0.000000, 0.000000, 0.000000, 0.000000, 0.000000, 0.000000, 0.000000, 0.000000, 0.000000, 0.000000, 0.000000, 0.000000, 0.000000, 0.000000, 0.000000, 0.000000, 0.000000, 0.000000, 0.000000, 0.000000, 0.000000, 0.000000, 0.000000, 0.000000
2,,0.000000,0.000000,0.000000,0.000000,0.000000,0.000000,0.000000,0.000000,0.000000,0.000000,0.000000,0.000000,0.000000,0.000000,0.000000,0.000000,0.000000,0.000000,0.000000,0.000000,0.000000,0.000000,0.000000,0.000000,0.000000,0.000000,0.000000,0.000000,0.000000,0.000000,0.000000,0.000000,0.000000,0.000000,0.000000,0.000000,0.000000,0.000000,0.000000,0.000000,0.000000,0.000000,0.000000,0.000000,0.000000,0.000000,0.000000,0.000000,0.000000,0.000000,0.000000,0.000000,0.000000,0.000000,0.000000,0.000000,0.000000,0.000000,0.000000,0.000000,0.000000,0.000000,0.000000,0.000000,0.000000,0.000000,0.000000,0.000000,0.000000,0.000000,0.000000,0.000000,0.000000,0.000000,0.000000,0.000000,0.000000,0.000000,0.000000,0.000000,0.000000,0.000000,0.000000,0.000000,0.000000,0.000000,0.000000,0.000000,0.000000,0.000000,0.000000,0.000000,0.000000,0.000000,0.000000,0.000000,0.000000,0.000000,0.000000,0.000000,0.000000,0.000000,0.000000,0.000000,0.000000,0.000000,0.000000,0.000000,0.000000,0.000000,0.000000,0.000000,0.000000,0.000000,0.000000,0.000000,0.000000,0.000000,0.000000,0.000000,0.000000,0.000000,0.000000,0.000000,0.000000,0.000000,0.000000,0.000000,0.000000,0.000000,0.000000,0.000000,0.000000,0.000000,0.000000,0.000000,0.000000,0.000000,0.000000,0.000000,0.000000,0.000000,0.000000,0.000000,0.000000,0.000000,0.000000,0.000000,0.000000,0.000000,0.000000,0.000000,0.000000,0.000000,0.000000,0.000000,0.000000,0.000000,0.000000,0.000000,0.000000,0.000000,0.000000,0.000000,0.000000,0.000000,0.000000,0.000000,0.000000,0.000000,0.000000,0.000000,0.000000,0.000000,0.000000,0.000000,0.000000,0.000000,0.000000,0.000000,0.000000,0.000000,0.000000,0.000000,0.000000,0.000000,0.000000,0.000000,0.000000,0.000000,0.000000,0.000000,0.000000,0.000000,0.000000,0.000000,0.000000,0.000000,0.000000,0.000000,0.000000,0.000000,0.000000,0.000000,0.000000,0.000000,0.000000,0.000000,0.000000,0.000000,0.000000,0.000000,0.000000,0.000000,0.000000,0.000000,0.000000,0.000000,0.000000,0.000000,0.000000,0.000000,0.000000,0.000000,0.000000,0.000000,0.000000,0.000000,0.000000,0.000000,0.000000,0.000000,0.000000,0.000000,0.000000,0.000000,0.000000,0.000000,0.000000,0.000000,0.000000,0.000000,0.000000,0.000000,0.000000,0.000000,0.000000,0.000000,0.000000,0.000000,0.000000,0.000000,0.000000,0.000000,0.000000,0.000000,0.000000,0.000000,0.000000,0.000000,0.000000,0.000000,0.000000,0.000000,0.000000,0.000000,0.000000,0.000000,0.000000,0.000000,0.000000,0.000000,0.000000,0.000000,0.000000,0.000000,0.000000,0.000000,0.000000,0.000000,0.000000,0.000000,0.000000,0.000000,0.000000,0.000000,0.000000,0.000000,0.000000,0.000000,0.000000,0.000000,0.000000,0.000000,0.000000,0.000000,0.000000,0.000000,0.000000,0.000000,0.000000,0.000000,0.000000,0.000000,0.000000,0.000000,0.000000,0.000000,0.000000,0.000000,0.000000,0.000000,0.000000,0.000000,0.000000,0.000000,0.000000,0.000000,0.000000,0.000000,0.000000,0.000000,0.000000,0.000000,0.000000,0.000000,0.000000,0.000000,0.000000,0.000000,0.000000,0.000000,0.000000,0.000000,0.000000,0.000000,0.000000,0.000000,0.000000,0.000000,0.000000,0.000000,0.000000,0.000000,0.000000,0.000000,0.000000,0.000000,0.000000,0.000000,0.000000,0.000000,0.000000,0.000000,0.000000,0.000000,0.000000,0.000000,0.000000,0.000000,0.000000,0.000000,0.000000,0.000000,0.000000,0.000000,0.000000,0.000000,0.000000,0.000000,0.000000,0.000000,0.000000,0.000000,0.000000,0.000000,0.000000,0.000000,0.000000,0.000000,0.000000,0.000000,0.000000,0.000000,0.000000,0.000000,0.000000,0.000000,0.000000,0.000000,0.000000,0.000000,0.000000,0.000000,0.000000,0.000000,0.000000,0.000000,0.000000,0.000000,0.000000,0.000000,0.000000,0.000000,0.000000,0.000000,0.000000,0.000000,0.000000,0.000000,0.000000,0.000000,0.000000,0.000000,0.000000,0.000000,0.000000,0.000000,0.000000,0.000000,0.000000,0.000000,0.000000,0.000000,0.000000,0.000000,0.000000,0.000000,0.000000,0.000000,0.000000,0.000000,0.000000,0.000000,0.000000,0.000000,0.000000,0.000000,0.000000,0.000000,0.000000,0.000000,0.000000,0.000000,0.000000,0.000000,0.000000,0.000000,0.000000,0.000000,0.000000,0.000000,0.000000,0.000000,0.000000,0.000000,0.000000,0.000000,0.000000,0.000000,0.000000,0.000000,0.000000,0.000000,0.000000,0.000000,0.000000,0.000000,0.000000,0.000000,0.000000,0.000000,0.000000,0.000000,0.000000,0.000000,0.000000,0.000000,0.000000,0.000000,0.000000,0.000000,0.000000,0.000000,0.000000,0.000000,0.000000,0.000000,0.000000,0.000000,0.000000,0.000000,0.000000,0.000000,0.000000,0.000000,0.000000,0.000000,0.000000,0.000000,0.000000,0.000000,0.000000,0.000000,0.000000,0.000000,0.000000,0.000000,0.000000,0.000000,0.000000,0.000000,0.000000,0.000000,0.000000,0.000000,0.000000,0.000000,0.000000,0.000000,0.000000,0.000000,0.000000,0.000000,0.000000,0.000000,0.000000,0.000000,0.000000,0.000000,0.000000,0.000000,0.000000,0.000000,0.000000,0.000000,0.000000,0.000000,0.000000,0.000000,0.000000,0.000000,0.000000,0.000000,0.000000,0.000000,0.000000,0.000000,0.000000,0.000000,0.000000,0.000000,0.000000,0.000000,0.000000,0.000000,0.000000,0.000000,0.000000,0.000000,0.000000,0.000000,0.000000,0.000000,0.000000,0.000000,0.000000,0.000000,0.000000,0.000000,0.000000,0.000000,0.000000,0.000000,0.000000,0.000000,0.000000,0.000000,0.000000,0.000000,0.000000,0.000000,0.000000,0.000000,0.000000,0.000000,0.000000,0.000000,0.000000,0.000000,0.000000,0.000000,0.000000,0.000000,0.000000,0.000000,0.000000,0.000000,0.000000,0.000000
2,, -nan(ind)
3, , 0.000000, 0.000000, 0.000000, 0.000000, 0.000000, 0.000000, 0.000000, 0.000000, 0.000000, 0.000000, 0.000000, 0.000000, 0.000000, 0.000000, 0.000000, 0.000000, 0.000000, 0.000000, 0.000000, 0.000000, 0.000000, 0.000000, 0.000000, 0.000000, 0.000000, 0.000000, 0.000000, 0.000000, 0.000000, 0.000000, 0.000000, 0.000000, 0.000000, 0.000000, 0.000000, 0.000000, 0.000000, 0.000000, 0.000000, 0.000000, 0.000000, 0.000000, 0.000000, 0.000000, 0.000000, 0.000000, 0.000000, 0.000000, 0.000000, 0.000000, 0.000000, 0.000000, 0.000000, 0.000000, 0.000000, 0.000000, 0.000000, 0.000000, 0.000000, 0.000000, 0.000000, 0.000000, 0.000000, 0.000000, 0.000000, 0.000000, 0.000000, 0.000000, 0.000000, 0.000000, 0.000000, 0.000000, 0.000000, 0.000000, 0.000000, 0.000000, 0.000000, 0.000000, 0.000000, 0.000000, 0.000000, 0.000000, 0.000000, 0.000000, 0.000000, 0.000000, 0.000000, 0.000000, 0.000000, 0.000000, 0.000000, 0.000000, 0.000000, 0.000000, 0.000000, 0.000000, 0.000000, 0.000000, 0.000000, 0.000000, 0.000000, 0.000000, 0.000000, 0.000000, 0.000000, 0.000000, 0.000000, 0.000000, 0.000000, 0.000000, 0.000000, 0.000000, 0.000000, 0.000000, 0.000000, 0.000000, 0.000000, 0.000000, 0.000000, 0.000000, 0.000000, 0.000000, 0.000000, 0.000000, 0.000000, 0.000000, 0.000000, 0.000000, 0.000000, 0.000000, 0.000000, 0.000000, 0.000000, 0.000000, 0.000000, 0.000000, 0.000000, 0.000000, 0.000000, 0.000000, 0.000000, 0.000000, 0.000000, 0.000000, 0.000000, 0.000000, 0.000000, 0.000000, 0.000000, 0.000000, 0.000000, 0.000000, 0.000000, 0.000000, 0.000000, 0.000000, 0.000000, 0.000000, 0.000000, 0.000000, 0.000000, 0.000000, 0.000000, 0.000000, 0.000000, 0.000000, 0.000000, 0.000000, 0.000000, 0.000000, 0.000000, 0.000000, 0.000000, 0.000000, 0.000000, 0.000000, 0.000000, 0.000000, 0.000000, 0.000000, 0.000000, 0.000000, 0.000000, 0.000000, 0.000000, 0.000000, 0.000000, 0.000000, 0.000000, 0.000000, 0.000000, 0.000000, 0.000000, 0.000000, 0.000000, 0.000000, 0.000000, 0.000000, 0.000000, 0.000000, 0.000000, 0.000000, 0.000000, 0.000000, 0.000000, 0.000000, 0.000000, 0.000000, 0.000000, 0.000000, 0.000000, 0.000000, 0.000000, 0.000000, 0.000000, 0.000000, 0.000000, 0.000000, 0.000000, 0.000000, 0.000000, 0.000000, 0.000000, 0.000000, 0.000000, 0.000000, 0.000000, 0.000000, 0.000000, 0.000000, 0.000000, 0.000000, 0.000000, 0.000000, 0.000000, 0.000000, 0.000000, 0.000000, 0.000000, 0.000000, 0.000000, 0.000000, 0.000000, 0.000000, 0.000000, 0.000000, 0.000000, 0.000000, 0.000000, 0.000000, 0.000000, 0.000000, 0.000000, 0.000000, 0.000000, 0.000000, 0.000000, 0.000000, 0.000000, 0.000000, 0.000000, 0.000000, 0.000000, 0.000000, 0.000000, 0.000000, 0.000000, 0.000000, 0.000000, 0.000000, 0.000000, 0.000000, 0.000000, 0.000000, 0.000000, 0.000000, 0.000000, 0.000000, 0.000000, 0.000000, 0.000000, 0.000000, 0.000000, 0.000000, 0.000000, 0.000000, 0.000000, 0.000000, 0.000000, 0.000000, 0.000000, 0.000000, 0.000000, 0.000000, 0.000000, 0.000000, 0.000000, 0.000000, 0.000000, 0.000000, 0.000000, 0.000000, 0.000000, 0.000000, 0.000000, 0.000000, 0.000000, 0.000000, 0.000000, 0.000000, 0.000000, 0.000000, 0.000000, 0.000000, 0.000000, 0.000000, 0.000000, 0.000000, 0.000000, 0.000000, 0.000000, 0.000000, 0.000000, 0.000000, 0.000000, 0.000000, 0.000000, 0.000000, 0.000000, 0.000000, 0.000000, 0.000000, 0.000000, 0.000000, 0.000000, 0.000000, 0.000000, 0.000000, 0.000000, 0.000000, 0.000000, 0.000000, 0.000000, 0.000000, 0.000000, 0.000000, 0.000000, 0.000000, 0.000000, 0.000000, 0.000000, 0.000000, 0.000000, 0.000000, 0.000000, 0.000000, 0.000000, 0.000000, 0.000000, 0.000000, 0.000000, 0.000000, 0.000000, 0.000000, 0.000000, 0.000000, 0.000000, 0.000000, 0.000000, 0.000000, 0.000000, 0.000000, 0.000000, 0.000000, 0.000000, 0.000000, 0.000000, 0.000000, 0.000000, 0.000000, 0.000000, 0.000000, 0.000000, 0.000000, 0.000000, 0.000000, 0.000000, 0.000000, 0.000000, 0.000000, 0.000000, 0.000000, 0.000000, 0.000000, 0.000000, 0.000000, 0.000000, 0.000000, 0.000000, 0.000000, 0.000000, 0.000000, 0.000000, 0.000000, 0.000000, 0.000000, 0.000000, 0.000000, 0.000000, 0.000000, 0.000000, 0.000000, 0.000000, 0.000000, 0.000000, 0.000000, 0.000000, 0.000000, 0.000000, 0.000000, 0.000000, 0.000000, 0.000000, 0.000000, 0.000000, 0.000000, 0.000000, 0.000000, 0.000000, 0.000000, 0.000000, 0.000000, 0.000000, 0.000000, 0.000000, 0.000000, 0.000000, 0.000000, 0.000000, 0.000000, 0.000000, 0.000000, 0.000000, 0.000000, 0.000000, 0.000000, 0.000000, 0.000000, 0.000000, 0.000000, 0.000000, 0.000000, 0.000000, 0.000000, 0.000000, 0.000000, 0.000000, 0.000000, 0.000000, 0.000000, 0.000000, 0.000000, 0.000000, 0.000000, 0.000000, 0.000000, 0.000000, 0.000000, 0.000000, 0.000000, 0.000000, 0.000000, 0.000000, 0.000000, 0.000000, 0.000000, 0.000000, 0.000000, 0.000000, 0.000000, 0.000000, 0.000000, 0.000000, 0.000000, 0.000000, 0.000000, 0.000000, 0.000000, 0.000000, 0.000000, 0.000000, 0.000000, 0.000000, 0.000000, 0.000000, 0.000000, 0.000000, 0.000000, 0.000000, 0.000000, 0.000000, 0.000000, 0.000000, 0.000000, 0.000000, 0.000000, 0.000000, 0.000000, 0.000000, 0.000000, 0.000000, 0.000000, 0.000000, 0.000000, 0.000000, 0.000000, 0.000000, 0.000000, 0.000000, 0.000000, 0.000000, 0.000000, 0.000000, 0.000000, 0.000000, 0.000000, 0.000000, 0.000000, 0.000000, 0.000000, 0.000000, 0.000000, 0.000000, 0.000000, 0.000000, 0.000000, 0.000000, 0.000000, 0.000000, 0.000000, 0.000000, 0.000000, 0.000000, 0.000000, 0.000000, 0.000000, 0.000000, 0.000000, 0.000000, 0.000000, 0.000000, 0.000000, 0.000000, 0.000000, 0.000000, 0.000000, 0.000000, 0.000000, 0.000000, 0.000000, 0.000000, 0.000000, 0.000000, 0.000000, 0.000000, 0.000000, 0.000000, 0.000000, 0.000000, 0.000000, 0.000000, 0.000000, 0.000000, 0.000000, 0.000000, 0.000000, 0.000000, 0.000000, 0.000000, 0.000000, 0.000000, 0.000000, 0.000000, 0.000000, 0.000000, 0.000000, 0.000000, 0.000000, 0.000000, 0.000000, 0.000000, 0.000000, 0.000000, 0.000000, 0.000000, 0.000000, 0.000000, 0.000000, 0.000000, 0.000000
3,,0.000000,0.000000,0.000000,0.000000,0.000000,0.000000,0.000000,0.000000,0.000000,0.000000,0.000000,0.000000,0.000000,0.000000,0.000000,0.000000,0.000000,0.000000,0.000000,0.000000,0.000000,0.000000,0.000000,0.000000,0.000000,0.000000,0.000000,0.000000,0.000000,0.000000,0.000000,0.000000,0.000000,0.000000,0.000000,0.000000,0.000000,0.000000,0.000000,0.000000,0.000000,0.000000,0.000000,0.000000,0.000000,0.000000,0.000000,0.000000,0.000000,0.000000,0.000000,0.000000,0.000000,0.000000,0.000000,0.000000,0.000000,0.000000,0.000000,0.000000,0.000000,0.000000,0.000000,0.000000,0.000000,0.000000,0.000000,0.000000,0.000000,0.000000,0.000000,0.000000,0.000000,0.000000,0.000000,0.000000,0.000000,0.000000,0.000000,0.000000,0.000000,0.000000,0.000000,0.000000,0.000000,0.000000,0.000000,0.000000,0.000000,0.000000,0.000000,0.000000,0.000000,0.000000,0.000000,0.000000,0.000000,0.000000,0.000000,0.000000,0.000000,0.000000,0.000000,0.000000,0.000000,0.000000,0.000000,0.000000,0.000000,0.000000,0.000000,0.000000,0.000000,0.000000,0.000000,0.000000,0.000000,0.000000,0.000000,0.000000,0.000000,0.000000,0.000000,0.000000,0.000000,0.000000,0.000000,0.000000,0.000000,0.000000,0.000000,0.000000,0.000000,0.000000,0.000000,0.000000,0.000000,0.000000,0.000000,0.000000,0.000000,0.000000,0.000000,0.000000,0.000000,0.000000,0.000000,0.000000,0.000000,0.000000,0.000000,0.000000,0.000000,0.000000,0.000000,0.000000,0.000000,0.000000,0.000000,0.000000,0.000000,0.000000,0.000000,0.000000,0.000000,0.000000,0.000000,0.000000,0.000000,0.000000,0.000000,0.000000,0.000000,0.000000,0.000000,0.000000,0.000000,0.000000,0.000000,0.000000,0.000000,0.000000,0.000000,0.000000,0.000000,0.000000,0.000000,0.000000,0.000000,0.000000,0.000000,0.000000,0.000000,0.000000,0.000000,0.000000,0.000000,0.000000,0.000000,0.000000,0.000000,0.000000,0.000000,0.000000,0.000000,0.000000,0.000000,0.000000,0.000000,0.000000,0.000000,0.000000,0.000000,0.000000,0.000000,0.000000,0.000000,0.000000,0.000000,0.000000,0.000000,0.000000,0.000000,0.000000,0.000000,0.000000,0.000000,0.000000,0.000000,0.000000,0.000000,0.000000,0.000000,0.000000,0.000000,0.000000,0.000000,0.000000,0.000000,0.000000,0.000000,0.000000,0.000000,0.000000,0.000000,0.000000,0.000000,0.000000,0.000000,0.000000,0.000000,0.000000,0.000000,0.000000,0.000000,0.000000,0.000000,0.000000,0.000000,0.000000,0.000000,0.000000,0.000000,0.000000,0.000000,0.000000,0.000000,0.000000,0.000000,0.000000,0.000000,0.000000,0.000000,0.000000,0.000000,0.000000,0.000000,0.000000,0.000000,0.000000,0.000000,0.000000,0.000000,0.000000,0.000000,0.000000,0.000000,0.000000,0.000000,0.000000,0.000000,0.000000,0.000000,0.000000,0.000000,0.000000,0.000000,0.000000,0.000000,0.000000,0.000000,0.000000,0.000000,0.000000,0.000000,0.000000,0.000000,0.000000,0.000000,0.000000,0.000000,0.000000,0.000000,0.000000,0.000000,0.000000,0.000000,0.000000,0.000000,0.000000,0.000000,0.000000,0.000000,0.000000,0.000000,0.000000,0.000000,0.000000,0.000000,0.000000,0.000000,0.000000,0.000000,0.000000,0.000000,0.000000,0.000000,0.000000,0.000000,0.000000,0.000000,0.000000,0.000000,0.000000,0.000000,0.000000,0.000000,0.000000,0.000000,0.000000,0.000000,0.000000,0.000000,0.000000,0.000000,0.000000,0.000000,0.000000,0.000000,0.000000,0.000000,0.000000,0.000000,0.000000,0.000000,0.000000,0.000000,0.000000,0.000000,0.000000,0.000000,0.000000,0.000000,0.000000,0.000000,0.000000,0.000000,0.000000,0.000000,0.000000,0.000000,0.000000,0.000000,0.000000,0.000000,0.000000,0.000000,0.000000,0.000000,0.000000,0.000000,0.000000,0.000000,0.000000,0.000000,0.000000,0.000000,0.000000,0.000000,0.000000,0.000000,0.000000,0.000000,0.000000,0.000000,0.000000,0.000000,0.000000,0.000000,0.000000,0.000000,0.000000,0.000000,0.000000,0.000000,0.000000,0.000000,0.000000,0.000000,0.000000,0.000000,0.000000,0.000000,0.000000,0.000000,0.000000,0.000000,0.000000,0.000000,0.000000,0.000000,0.000000,0.000000,0.000000,0.000000,0.000000,0.000000,0.000000,0.000000,0.000000,0.000000,0.000000,0.000000,0.000000,0.000000,0.000000,0.000000,0.000000,0.000000,0.000000,0.000000,0.000000,0.000000,0.000000,0.000000,0.000000,0.000000,0.000000,0.000000,0.000000,0.000000,0.000000,0.000000,0.000000,0.000000,0.000000,0.000000,0.000000,0.000000,0.000000,0.000000,0.000000,0.000000,0.000000,0.000000,0.000000,0.000000,0.000000,0.000000,0.000000,0.000000,0.000000,0.000000,0.000000,0.000000,0.000000,0.000000,0.000000,0.000000,0.000000,0.000000,0.000000,0.000000,0.000000,0.000000,0.000000,0.000000,0.000000,0.000000,0.000000,0.000000,0.000000,0.000000,0.000000,0.000000,0.000000,0.000000,0.000000,0.000000,0.000000,0.000000,0.000000,0.000000,0.000000,0.000000,0.000000,0.000000,0.000000,0.000000,0.000000,0.000000,0.000000,0.000000,0.000000,0.000000,0.000000,0.000000,0.000000,0.000000,0.000000,0.000000,0.000000,0.000000,0.000000,0.000000,0.000000,0.000000,0.000000,0.000000,0.000000,0.000000,0.000000,0.000000,0.000000,0.000000,0.000000,0.000000,0.000000,0.000000,0.000000,0.000000,0.000000,0.000000,0.000000,0.000000,0.000000,0.000000,0.000000,0.000000,0.000000,0.000000,0.000000,0.000000,0.000000,0.000000,0.000000,0.000000,0.000000,0.000000,0.000000,0.000000,0.000000,0.000000,0.000000,0.000000,0.000000,0.000000,0.000000,0.000000,0.000000,0.000000,0.000000,0.000000,0.000000,0.000000,0.000000,0.000000,0.000000,0.000000,0.000000,0.000000,0.000000,0.000000,0.000000,0.000000,0.000000,0.000000,0.000000,0.000000,0.000000
3,, -nan(ind)
4, , 0.000000, 0.000000, 0.000000, 0.000000, 0.000000, 0.000000, 0.000000, 0.000000, 0.000000, 0.000000, 0.000000, 0.000000, 0.000000, 0.000000, 0.000000, 0.000000, 0.000000, 0.000000, 0.000000, 0.000000, 0.000000, 0.000000, 0.000000, 0.000000, 0.000000, 0.000000, 0.000000, 0.000000, 0.000000, 0.000000, 0.000000, 0.000000, 0.000000, 0.000000, 0.000000, 0.000000, 0.000000, 0.000000, 0.000000, 0.000000, 0.000000, 0.000000, 0.000000, 0.000000, 0.000000, 0.000000, 0.000000, 0.000000, 0.000000, 0.000000, 0.000000, 0.000000, 0.000000, 0.000000, 0.000000, 0.000000, 0.000000, 0.000000, 0.000000, 0.000000, 0.000000, 0.000000, 0.000000, 0.000000, 0.000000, 0.000000, 0.000000, 0.000000, 0.000000, 0.000000, 0.000000, 0.000000, 0.000000, 0.000000, 0.000000, 0.000000, 0.000000, 0.000000, 0.000000, 0.000000, 0.000000, 0.000000, 0.000000, 0.000000, 0.000000, 0.000000, 0.000000, 0.000000, 0.000000, 0.000000, 0.000000, 0.000000, 0.000000, 0.000000, 0.000000, 0.000000, 0.000000, 0.000000, 0.000000, 0.000000, 0.000000, 0.000000, 0.000000, 0.000000, 0.000000, 0.000000, 0.000000, 0.000000, 0.000000, 0.000000, 0.000000, 0.000000, 0.000000, 0.000000, 0.000000, 0.000000, 0.000000, 0.000000, 0.000000, 0.000000, 0.000000, 0.000000, 0.000000, 0.000000, 0.000000, 0.000000, 0.000000, 0.000000, 0.000000, 0.000000, 0.000000, 0.000000, 0.000000, 0.000000, 0.000000, 0.000000, 0.000000, 0.000000, 0.000000, 0.000000, 0.000000, 0.000000, 0.000000, 0.000000, 0.000000, 0.000000, 0.000000, 0.000000, 0.000000, 0.000000, 0.000000, 0.000000, 0.000000, 0.000000, 0.000000, 0.000000, 0.000000, 0.000000, 0.000000, 0.000000, 0.000000, 0.000000, 0.000000, 0.000000, 0.000000, 0.000000, 0.000000, 0.000000, 0.000000, 0.000000, 0.000000, 0.000000, 0.000000, 0.000000, 0.000000, 0.000000, 0.000000, 0.000000, 0.000000, 0.000000, 0.000000, 0.000000, 0.000000, 0.000000, 0.000000, 0.000000, 0.000000, 0.000000, 0.000000, 0.000000, 0.000000, 0.000000, 0.000000, 0.000000, 0.000000, 0.000000, 0.000000, 0.000000, 0.000000, 0.000000, 0.000000, 0.000000, 0.000000, 0.000000, 0.000000, 0.000000, 0.000000, 0.000000, 0.000000, 0.000000, 0.000000, 0.000000, 0.000000, 0.000000, 0.000000, 0.000000, 0.000000, 0.000000, 0.000000, 0.000000, 0.000000, 0.000000, 0.000000, 0.000000, 0.000000, 0.000000, 0.000000, 0.000000, 0.000000, 0.000000, 0.000000, 0.000000, 0.000000, 0.000000, 0.000000, 0.000000, 0.000000, 0.000000, 0.000000, 0.000000, 0.000000, 0.000000, 0.000000, 0.000000, 0.000000, 0.000000, 0.000000, 0.000000, 0.000000, 0.000000, 0.000000, 0.000000, 0.000000, 0.000000, 0.000000, 0.000000, 0.000000, 0.000000, 0.000000, 0.000000, 0.000000, 0.000000, 0.000000, 0.000000, 0.000000, 0.000000, 0.000000, 0.000000, 0.000000, 0.000000, 0.000000, 0.000000, 0.000000, 0.000000, 0.000000, 0.000000, 0.000000, 0.000000, 0.000000, 0.000000, 0.000000, 0.000000, 0.000000, 0.000000, 0.000000, 0.000000, 0.000000, 0.000000, 0.000000, 0.000000, 0.000000, 0.000000, 0.000000, 0.000000, 0.000000, 0.000000, 0.000000, 0.000000, 0.000000, 0.000000, 0.000000, 0.000000, 0.000000, 0.000000, 0.000000, 0.000000, 0.000000, 0.000000, 0.000000, 0.000000, 0.000000, 0.000000, 0.000000, 0.000000, 0.000000, 0.000000, 0.000000, 0.000000, 0.000000, 0.000000, 0.000000, 0.000000, 0.000000, 0.000000, 0.000000, 0.000000, 0.000000, 0.000000, 0.000000, 0.000000, 0.000000, 0.000000, 0.000000, 0.000000, 0.000000, 0.000000, 0.000000, 0.000000, 0.000000, 0.000000, 0.000000, 0.000000, 0.000000, 0.000000, 0.000000, 0.000000, 0.000000, 0.000000, 0.000000, 0.000000, 0.000000, 0.000000, 0.000000, 0.000000, 0.000000, 0.000000, 0.000000, 0.000000, 0.000000, 0.000000, 0.000000, 0.000000, 0.000000, 0.000000, 0.000000, 0.000000, 0.000000, 0.000000, 0.000000, 0.000000, 0.000000, 0.000000, 0.000000, 0.000000, 0.000000, 0.000000, 0.000000, 0.000000, 0.000000, 0.000000, 0.000000, 0.000000, 0.000000, 0.000000, 0.000000, 0.000000, 0.000000, 0.000000, 0.000000, 0.000000, 0.000000, 0.000000, 0.000000, 0.000000, 0.000000, 0.000000, 0.000000, 0.000000, 0.000000, 0.000000, 0.000000, 0.000000, 0.000000, 0.000000, 0.000000, 0.000000, 0.000000, 0.000000, 0.000000, 0.000000, 0.000000, 0.000000, 0.000000, 0.000000, 0.000000, 0.000000, 0.000000, 0.000000, 0.000000, 0.000000, 0.000000, 0.000000, 0.000000, 0.000000, 0.000000, 0.000000, 0.000000, 0.000000, 0.000000, 0.000000, 0.000000, 0.000000, 0.000000, 0.000000, 0.000000, 0.000000, 0.000000, 0.000000, 0.000000, 0.000000, 0.000000, 0.000000, 0.000000, 0.000000, 0.000000, 0.000000, 0.000000, 0.000000, 0.000000, 0.000000, 0.000000, 0.000000, 0.000000, 0.000000, 0.000000, 0.000000, 0.000000, 0.000000, 0.000000, 0.000000, 0.000000, 0.000000, 0.000000, 0.000000, 0.000000, 0.000000, 0.000000, 0.000000, 0.000000, 0.000000, 0.000000, 0.000000, 0.000000, 0.000000, 0.000000, 0.000000, 0.000000, 0.000000, 0.000000, 0.000000, 0.000000, 0.000000, 0.000000, 0.000000, 0.000000, 0.000000, 0.000000, 0.000000, 0.000000, 0.000000, 0.000000, 0.000000, 0.000000, 0.000000, 0.000000, 0.000000, 0.000000, 0.000000, 0.000000, 0.000000, 0.000000, 0.000000, 0.000000, 0.000000, 0.000000, 0.000000, 0.000000, 0.000000, 0.000000, 0.000000, 0.000000, 0.000000, 0.000000, 0.000000, 0.000000, 0.000000, 0.000000, 0.000000, 0.000000, 0.000000, 0.000000, 0.000000, 0.000000, 0.000000, 0.000000, 0.000000, 0.000000, 0.000000, 0.000000, 0.000000, 0.000000, 0.000000, 0.000000, 0.000000, 0.000000, 0.000000, 0.000000, 0.000000, 0.000000, 0.000000, 0.000000, 0.000000, 0.000000, 0.000000, 0.000000, 0.000000, 0.000000, 0.000000, 0.000000, 0.000000, 0.000000, 0.000000, 0.000000, 0.000000, 0.000000, 0.000000, 0.000000, 0.000000, 0.000000, 0.000000, 0.000000, 0.000000, 0.000000, 0.000000, 0.000000, 0.000000, 0.000000, 0.000000, 0.000000, 0.000000, 0.000000, 0.000000, 0.000000, 0.000000, 0.000000, 0.000000, 0.000000, 0.000000, 0.000000, 0.000000, 0.000000, 0.000000, 0.000000, 0.000000, 0.000000, 0.000000, 0.000000, 0.000000, 0.000000, 0.000000, 0.000000, 0.000000, 0.000000, 0.000000, 0.000000, 0.000000, 0.000000, 0.000000, 0.000000, 0.000000
4,,0.000000,0.000000,0.000000,0.000000,0.000000,0.000000,0.000000,0.000000,0.000000,0.000000,0.000000,0.000000,0.000000,0.000000,0.000000,0.000000,0.000000,0.000000,0.000000,0.000000,0.000000,0.000000,0.000000,0.000000,0.000000,0.000000,0.000000,0.000000,0.000000,0.000000,0.000000,0.000000,0.000000,0.000000,0.000000,0.000000,0.000000,0.000000,0.000000,0.000000,0.000000,0.000000,0.000000,0.000000,0.000000,0.000000,0.000000,0.000000,0.000000,0.000000,0.000000,0.000000,0.000000,0.000000,0.000000,0.000000,0.000000,0.000000,0.000000,0.000000,0.000000,0.000000,0.000000,0.000000,0.000000,0.000000,0.000000,0.000000,0.000000,0.000000,0.000000,0.000000,0.000000,0.000000,0.000000,0.000000,0.000000,0.000000,0.000000,0.000000,0.000000,0.000000,0.000000,0.000000,0.000000,0.000000,0.000000,0.000000,0.000000,0.000000,0.000000,0.000000,0.000000,0.000000,0.000000,0.000000,0.000000,0.000000,0.000000,0.000000,0.000000,0.000000,0.000000,0.000000,0.000000,0.000000,0.000000,0.000000,0.000000,0.000000,0.000000,0.000000,0.000000,0.000000,0.000000,0.000000,0.000000,0.000000,0.000000,0.000000,0.000000,0.000000,0.000000,0.000000,0.000000,0.000000,0.000000,0.000000,0.000000,0.000000,0.000000,0.000000,0.000000,0.000000,0.000000,0.000000,0.000000,0.000000,0.000000,0.000000,0.000000,0.000000,0.000000,0.000000,0.000000,0.000000,0.000000,0.000000,0.000000,0.000000,0.000000,0.000000,0.000000,0.000000,0.000000,0.000000,0.000000,0.000000,0.000000,0.000000,0.000000,0.000000,0.000000,0.000000,0.000000,0.000000,0.000000,0.000000,0.000000,0.000000,0.000000,0.000000,0.000000,0.000000,0.000000,0.000000,0.000000,0.000000,0.000000,0.000000,0.000000,0.000000,0.000000,0.000000,0.000000,0.000000,0.000000,0.000000,0.000000,0.000000,0.000000,0.000000,0.000000,0.000000,0.000000,0.000000,0.000000,0.000000,0.000000,0.000000,0.000000,0.000000,0.000000,0.000000,0.000000,0.000000,0.000000,0.000000,0.000000,0.000000,0.000000,0.000000,0.000000,0.000000,0.000000,0.000000,0.000000,0.000000,0.000000,0.000000,0.000000,0.000000,0.000000,0.000000,0.000000,0.000000,0.000000,0.000000,0.000000,0.000000,0.000000,0.000000,0.000000,0.000000,0.000000,0.000000,0.000000,0.000000,0.000000,0.000000,0.000000,0.000000,0.000000,0.000000,0.000000,0.000000,0.000000,0.000000,0.000000,0.000000,0.000000,0.000000,0.000000,0.000000,0.000000,0.000000,0.000000,0.000000,0.000000,0.000000,0.000000,0.000000,0.000000,0.000000,0.000000,0.000000,0.000000,0.000000,0.000000,0.000000,0.000000,0.000000,0.000000,0.000000,0.000000,0.000000,0.000000,0.000000,0.000000,0.000000,0.000000,0.000000,0.000000,0.000000,0.000000,0.000000,0.000000,0.000000,0.000000,0.000000,0.000000,0.000000,0.000000,0.000000,0.000000,0.000000,0.000000,0.000000,0.000000,0.000000,0.000000,0.000000,0.000000,0.000000,0.000000,0.000000,0.000000,0.000000,0.000000,0.000000,0.000000,0.000000,0.000000,0.000000,0.000000,0.000000,0.000000,0.000000,0.000000,0.000000,0.000000,0.000000,0.000000,0.000000,0.000000,0.000000,0.000000,0.000000,0.000000,0.000000,0.000000,0.000000,0.000000,0.000000,0.000000,0.000000,0.000000,0.000000,0.000000,0.000000,0.000000,0.000000,0.000000,0.000000,0.000000,0.000000,0.000000,0.000000,0.000000,0.000000,0.000000,0.000000,0.000000,0.000000,0.000000,0.000000,0.000000,0.000000,0.000000,0.000000,0.000000,0.000000,0.000000,0.000000,0.000000,0.000000,0.000000,0.000000,0.000000,0.000000,0.000000,0.000000,0.000000,0.000000,0.000000,0.000000,0.000000,0.000000,0.000000,0.000000,0.000000,0.000000,0.000000,0.000000,0.000000,0.000000,0.000000,0.000000,0.000000,0.000000,0.000000,0.000000,0.000000,0.000000,0.000000,0.000000,0.000000,0.000000,0.000000,0.000000,0.000000,0.000000,0.000000,0.000000,0.000000,0.000000,0.000000,0.000000,0.000000,0.000000,0.000000,0.000000,0.000000,0.000000,0.000000,0.000000,0.000000,0.000000,0.000000,0.000000,0.000000,0.000000,0.000000,0.000000,0.000000,0.000000,0.000000,0.000000,0.000000,0.000000,0.000000,0.000000,0.000000,0.000000,0.000000,0.000000,0.000000,0.000000,0.000000,0.000000,0.000000,0.000000,0.000000,0.000000,0.000000,0.000000,0.000000,0.000000,0.000000,0.000000,0.000000,0.000000,0.000000,0.000000,0.000000,0.000000,0.000000,0.000000,0.000000,0.000000,0.000000,0.000000,0.000000,0.000000,0.000000,0.000000,0.000000,0.000000,0.000000,0.000000,0.000000,0.000000,0.000000,0.000000,0.000000,0.000000,0.000000,0.000000,0.000000,0.000000,0.000000,0.000000,0.000000,0.000000,0.000000,0.000000,0.000000,0.000000,0.000000,0.000000,0.000000,0.000000,0.000000,0.000000,0.000000,0.000000,0.000000,0.000000,0.000000,0.000000,0.000000,0.000000,0.000000,0.000000,0.000000,0.000000,0.000000,0.000000,0.000000,0.000000,0.000000,0.000000,0.000000,0.000000,0.000000,0.000000,0.000000,0.000000,0.000000,0.000000,0.000000,0.000000,0.000000,0.000000,0.000000,0.000000,0.000000,0.000000,0.000000,0.000000,0.000000,0.000000,0.000000,0.000000,0.000000,0.000000,0.000000,0.000000,0.000000,0.000000,0.000000,0.000000,0.000000,0.000000,0.000000,0.000000,0.000000,0.000000,0.000000,0.000000,0.000000,0.000000,0.000000,0.000000,0.000000,0.000000,0.000000,0.000000,0.000000,0.000000,0.000000,0.000000,0.000000,0.000000,0.000000,0.000000,0.000000,0.000000,0.000000,0.000000,0.000000,0.000000,0.000000,0.000000,0.000000,0.000000,0.000000,0.000000,0.000000,0.000000,0.000000,0.000000,0.000000,0.000000,0.000000,0.000000,0.000000,0.000000,0.000000,0.000000,0.000000,0.000000,0.000000,0.000000,0.000000,0.000000,0.000000,0.000000,0.000000,0.000000
4,, -nan(ind)
5, , 0.000000, 0.000000, 0.000000, 0.000000, 0.000000, 0.000000, 0.000000, 0.000000, 0.000000, 0.000000, 0.000000, 0.000000, 0.000000, 0.000000, 0.000000, 0.000000, 0.000000, 0.000000, 0.000000, 0.000000, 0.000000, 0.000000, 0.000000, 0.000000, 0.000000, 0.000000, 0.000000, 0.000000, 0.000000, 0.000000, 0.000000, 0.000000, 0.000000, 0.000000, 0.000000, 0.000000, 0.000000, 0.000000, 0.000000, 0.000000, 0.000000, 0.000000, 0.000000, 0.000000, 0.000000, 0.000000, 0.000000, 0.000000, 0.000000, 0.000000, 0.000000, 0.000000, 0.000000, 0.000000, 0.000000, 0.000000, 0.000000, 0.000000, 0.000000, 0.000000, 0.000000, 0.000000, 0.000000, 0.000000, 0.000000, 0.000000, 0.000000, 0.000000, 0.000000, 0.000000, 0.000000, 0.000000, 0.000000, 0.000000, 0.000000, 0.000000, 0.000000, 0.000000, 0.000000, 0.000000, 0.000000, 0.000000, 0.000000, 0.000000, 0.000000, 0.000000, 0.000000, 0.000000, 0.000000, 0.000000, 0.000000, 0.000000, 0.000000, 0.000000, 0.000000, 0.000000, 0.000000, 0.000000, 0.000000, 0.000000, 0.000000, 0.000000, 0.000000, 0.000000, 0.000000, 0.000000, 0.000000, 0.000000, 0.000000, 0.000000, 0.000000, 0.000000, 0.000000, 0.000000, 0.000000, 0.000000, 0.000000, 0.000000, 0.000000, 0.000000, 0.000000, 0.000000, 0.000000, 0.000000, 0.000000, 0.000000, 0.000000, 0.000000, 0.000000, 0.000000, 0.000000, 0.000000, 0.000000, 0.000000, 0.000000, 0.000000, 0.000000, 0.000000, 0.000000, 0.000000, 0.000000, 0.000000, 0.000000, 0.000000, 0.000000, 0.000000, 0.000000, 0.000000, 0.000000, 0.000000, 0.000000, 0.000000, 0.000000, 0.000000, 0.000000, 0.000000, 0.000000, 0.000000, 0.000000, 0.000000, 0.000000, 0.000000, 0.000000, 0.000000, 0.000000, 0.000000, 0.000000, 0.000000, 0.000000, 0.000000, 0.000000, 0.000000, 0.000000, 0.000000, 0.000000, 0.000000, 0.000000, 0.000000, 0.000000, 0.000000, 0.000000, 0.000000, 0.000000, 0.000000, 0.000000, 0.000000, 0.000000, 0.000000, 0.000000, 0.000000, 0.000000, 0.000000, 0.000000, 0.000000, 0.000000, 0.000000, 0.000000, 0.000000, 0.000000, 0.000000, 0.000000, 0.000000, 0.000000, 0.000000, 0.000000, 0.000000, 0.000000, 0.000000, 0.000000, 0.000000, 0.000000, 0.000000, 0.000000, 0.000000, 0.000000, 0.000000, 0.000000, 0.000000, 0.000000, 0.000000, 0.000000, 0.000000, 0.000000, 0.000000, 0.000000, 0.000000, 0.000000, 0.000000, 0.000000, 0.000000, 0.000000, 0.000000, 0.000000, 0.000000, 0.000000, 0.000000, 0.000000, 0.000000, 0.000000, 0.000000, 0.000000, 0.000000, 0.000000, 0.000000, 0.000000, 0.000000, 0.000000, 0.000000, 0.000000, 0.000000, 0.000000, 0.000000, 0.000000, 0.000000, 0.000000, 0.000000, 0.000000, 0.000000, 0.000000, 0.000000, 0.000000, 0.000000, 0.000000, 0.000000, 0.000000, 0.000000, 0.000000, 0.000000, 0.000000, 0.000000, 0.000000, 0.000000, 0.000000, 0.000000, 0.000000, 0.000000, 0.000000, 0.000000, 0.000000, 0.000000, 0.000000, 0.000000, 0.000000, 0.000000, 0.000000, 0.000000, 0.000000, 0.000000, 0.000000, 0.000000, 0.000000, 0.000000, 0.000000, 0.000000, 0.000000, 0.000000, 0.000000, 0.000000, 0.000000, 0.000000, 0.000000, 0.000000, 0.000000, 0.000000, 0.000000, 0.000000, 0.000000, 0.000000, 0.000000, 0.000000, 0.000000, 0.000000, 0.000000, 0.000000, 0.000000, 0.000000, 0.000000, 0.000000, 0.000000, 0.000000, 0.000000, 0.000000, 0.000000, 0.000000, 0.000000, 0.000000, 0.000000, 0.000000, 0.000000, 0.000000, 0.000000, 0.000000, 0.000000, 0.000000, 0.000000, 0.000000, 0.000000, 0.000000, 0.000000, 0.000000, 0.000000, 0.000000, 0.000000, 0.000000, 0.000000, 0.000000, 0.000000, 0.000000, 0.000000, 0.000000, 0.000000, 0.000000, 0.000000, 0.000000, 0.000000, 0.000000, 0.000000, 0.000000, 0.000000, 0.000000, 0.000000, 0.000000, 0.000000, 0.000000, 0.000000, 0.000000, 0.000000, 0.000000, 0.000000, 0.000000, 0.000000, 0.000000, 0.000000, 0.000000, 0.000000, 0.000000, 0.000000, 0.000000, 0.000000, 0.000000, 0.000000, 0.000000, 0.000000, 0.000000, 0.000000, 0.000000, 0.000000, 0.000000, 0.000000, 0.000000, 0.000000, 0.000000, 0.000000, 0.000000, 0.000000, 0.000000, 0.000000, 0.000000, 0.000000, 0.000000, 0.000000, 0.000000, 0.000000, 0.000000, 0.000000, 0.000000, 0.000000, 0.000000, 0.000000, 0.000000, 0.000000, 0.000000, 0.000000, 0.000000, 0.000000, 0.000000, 0.000000, 0.000000, 0.000000, 0.000000, 0.000000, 0.000000, 0.000000, 0.000000, 0.000000, 0.000000, 0.000000, 0.000000, 0.000000, 0.000000, 0.000000, 0.000000, 0.000000, 0.000000, 0.000000, 0.000000, 0.000000, 0.000000, 0.000000, 0.000000, 0.000000, 0.000000, 0.000000, 0.000000, 0.000000, 0.000000, 0.000000, 0.000000, 0.000000, 0.000000, 0.000000, 0.000000, 0.000000, 0.000000, 0.000000, 0.000000, 0.000000, 0.000000, 0.000000, 0.000000, 0.000000, 0.000000, 0.000000, 0.000000, 0.000000, 0.000000, 0.000000, 0.000000, 0.000000, 0.000000, 0.000000, 0.000000, 0.000000, 0.000000, 0.000000, 0.000000, 0.000000, 0.000000, 0.000000, 0.000000, 0.000000, 0.000000, 0.000000, 0.000000, 0.000000, 0.000000, 0.000000, 0.000000, 0.000000, 0.000000, 0.000000, 0.000000, 0.000000, 0.000000, 0.000000, 0.000000, 0.000000, 0.000000, 0.000000, 0.000000, 0.000000, 0.000000, 0.000000, 0.000000, 0.000000, 0.000000, 0.000000, 0.000000, 0.000000, 0.000000, 0.000000, 0.000000, 0.000000, 0.000000, 0.000000, 0.000000, 0.000000, 0.000000, 0.000000, 0.000000, 0.000000, 0.000000, 0.000000, 0.000000, 0.000000, 0.000000, 0.000000, 0.000000, 0.000000, 0.000000, 0.000000, 0.000000, 0.000000, 0.000000, 0.000000, 0.000000, 0.000000, 0.000000, 0.000000, 0.000000, 0.000000, 0.000000, 0.000000, 0.000000, 0.000000, 0.000000, 0.000000, 0.000000, 0.000000, 0.000000, 0.000000, 0.000000, 0.000000, 0.000000, 0.000000, 0.000000, 0.000000, 0.000000, 0.000000, 0.000000, 0.000000, 0.000000, 0.000000, 0.000000, 0.000000, 0.000000, 0.000000, 0.000000, 0.000000, 0.000000, 0.000000, 0.000000, 0.000000, 0.000000, 0.000000, 0.000000, 0.000000, 0.000000, 0.000000, 0.000000, 0.000000, 0.000000, 0.000000, 0.000000, 0.000000, 0.000000, 0.000000, 0.000000, 0.000000, 0.000000, 0.000000, 0.000000, 0.000000, 0.000000, 0.000000, 0.000000, 0.000000, 0.000000, 0.000000, 0.000000
5,,0.000000,0.000000,0.000000,0.000000,0.000000,0.000000,0.000000,0.000000,0.000000,0.000000,0.000000,0.000000,0.000000,0.000000,0.000000,0.000000,0.000000,0.000000,0.000000,0.000000,0.000000,0.000000,0.000000,0.000000,0.000000,0.000000,0.000000,0.000000,0.000000,0.000000,0.000000,0.000000,0.000000,0.000000,0.000000,0.000000,0.000000,0.000000,0.000000,0.000000,0.000000,0.000000,0.000000,0.000000,0.000000,0.000000,0.000000,0.000000,0.000000,0.000000,0.000000,0.000000,0.000000,0.000000,0.000000,0.000000,0.000000,0.000000,0.000000,0.000000,0.000000,0.000000,0.000000,0.000000,0.000000,0.000000,0.000000,0.000000,0.000000,0.000000,0.000000,0.000000,0.000000,0.000000,0.000000,0.000000,0.000000,0.000000,0.000000,0.000000,0.000000,0.000000,0.000000,0.000000,0.000000,0.000000,0.000000,0.000000,0.000000,0.000000,0.000000,0.000000,0.000000,0.000000,0.000000,0.000000,0.000000,0.000000,0.000000,0.000000,0.000000,0.000000,0.000000,0.000000,0.000000,0.000000,0.000000,0.000000,0.000000,0.000000,0.000000,0.000000,0.000000,0.000000,0.000000,0.000000,0.000000,0.000000,0.000000,0.000000,0.000000,0.000000,0.000000,0.000000,0.000000,0.000000,0.000000,0.000000,0.000000,0.000000,0.000000,0.000000,0.000000,0.000000,0.000000,0.000000,0.000000,0.000000,0.000000,0.000000,0.000000,0.000000,0.000000,0.000000,0.000000,0.000000,0.000000,0.000000,0.000000,0.000000,0.000000,0.000000,0.000000,0.000000,0.000000,0.000000,0.000000,0.000000,0.000000,0.000000,0.000000,0.000000,0.000000,0.000000,0.000000,0.000000,0.000000,0.000000,0.000000,0.000000,0.000000,0.000000,0.000000,0.000000,0.000000,0.000000,0.000000,0.000000,0.000000,0.000000,0.000000,0.000000,0.000000,0.000000,0.000000,0.000000,0.000000,0.000000,0.000000,0.000000,0.000000,0.000000,0.000000,0.000000,0.000000,0.000000,0.000000,0.000000,0.000000,0.000000,0.000000,0.000000,0.000000,0.000000,0.000000,0.000000,0.000000,0.000000,0.000000,0.000000,0.000000,0.000000,0.000000,0.000000,0.000000,0.000000,0.000000,0.000000,0.000000,0.000000,0.000000,0.000000,0.000000,0.000000,0.000000,0.000000,0.000000,0.000000,0.000000,0.000000,0.000000,0.000000,0.000000,0.000000,0.000000,0.000000,0.000000,0.000000,0.000000,0.000000,0.000000,0.000000,0.000000,0.000000,0.000000,0.000000,0.000000,0.000000,0.000000,0.000000,0.000000,0.000000,0.000000,0.000000,0.000000,0.000000,0.000000,0.000000,0.000000,0.000000,0.000000,0.000000,0.000000,0.000000,0.000000,0.000000,0.000000,0.000000,0.000000,0.000000,0.000000,0.000000,0.000000,0.000000,0.000000,0.000000,0.000000,0.000000,0.000000,0.000000,0.000000,0.000000,0.000000,0.000000,0.000000,0.000000,0.000000,0.000000,0.000000,0.000000,0.000000,0.000000,0.000000,0.000000,0.000000,0.000000,0.000000,0.000000,0.000000,0.000000,0.000000,0.000000,0.000000,0.000000,0.000000,0.000000,0.000000,0.000000,0.000000,0.000000,0.000000,0.000000,0.000000,0.000000,0.000000,0.000000,0.000000,0.000000,0.000000,0.000000,0.000000,0.000000,0.000000,0.000000,0.000000,0.000000,0.000000,0.000000,0.000000,0.000000,0.000000,0.000000,0.000000,0.000000,0.000000,0.000000,0.000000,0.000000,0.000000,0.000000,0.000000,0.000000,0.000000,0.000000,0.000000,0.000000,0.000000,0.000000,0.000000,0.000000,0.000000,0.000000,0.000000,0.000000,0.000000,0.000000,0.000000,0.000000,0.000000,0.000000,0.000000,0.000000,0.000000,0.000000,0.000000,0.000000,0.000000,0.000000,0.000000,0.000000,0.000000,0.000000,0.000000,0.000000,0.000000,0.000000,0.000000,0.000000,0.000000,0.000000,0.000000,0.000000,0.000000,0.000000,0.000000,0.000000,0.000000,0.000000,0.000000,0.000000,0.000000,0.000000,0.000000,0.000000,0.000000,0.000000,0.000000,0.000000,0.000000,0.000000,0.000000,0.000000,0.000000,0.000000,0.000000,0.000000,0.000000,0.000000,0.000000,0.000000,0.000000,0.000000,0.000000,0.000000,0.000000,0.000000,0.000000,0.000000,0.000000,0.000000,0.000000,0.000000,0.000000,0.000000,0.000000,0.000000,0.000000,0.000000,0.000000,0.000000,0.000000,0.000000,0.000000,0.000000,0.000000,0.000000,0.000000,0.000000,0.000000,0.000000,0.000000,0.000000,0.000000,0.000000,0.000000,0.000000,0.000000,0.000000,0.000000,0.000000,0.000000,0.000000,0.000000,0.000000,0.000000,0.000000,0.000000,0.000000,0.000000,0.000000,0.000000,0.000000,0.000000,0.000000,0.000000,0.000000,0.000000,0.000000,0.000000,0.000000,0.000000,0.000000,0.000000,0.000000,0.000000,0.000000,0.000000,0.000000,0.000000,0.000000,0.000000,0.000000,0.000000,0.000000,0.000000,0.000000,0.000000,0.000000,0.000000,0.000000,0.000000,0.000000,0.000000,0.000000,0.000000,0.000000,0.000000,0.000000,0.000000,0.000000,0.000000,0.000000,0.000000,0.000000,0.000000,0.000000,0.000000,0.000000,0.000000,0.000000,0.000000,0.000000,0.000000,0.000000,0.000000,0.000000,0.000000,0.000000,0.000000,0.000000,0.000000,0.000000,0.000000,0.000000,0.000000,0.000000,0.000000,0.000000,0.000000,0.000000,0.000000,0.000000,0.000000,0.000000,0.000000,0.000000,0.000000,0.000000,0.000000,0.000000,0.000000,0.000000,0.000000,0.000000,0.000000,0.000000,0.000000,0.000000,0.000000,0.000000,0.000000,0.000000,0.000000,0.000000,0.000000,0.000000,0.000000,0.000000,0.000000,0.000000,0.000000,0.000000,0.000000,0.000000,0.000000,0.000000,0.000000,0.000000,0.000000,0.000000,0.000000,0.000000,0.000000,0.000000,0.000000,0.000000,0.000000,0.000000,0.000000,0.000000,0.000000,0.000000,0.000000,0.000000,0.000000,0.000000,0.000000,0.000000,0.000000,0.000000,0.000000,0.000000,0.000000,0.000000,0.000000,0.000000,0.000000,0.000000,0.000000,0.000000
5,, -nan(ind)